Total_strain,Slip_strain,Time,Slip Count,Creep,Elastic,Hygroexp,Number_of_fibers,Load,Moisture,Broken
0.0,0.0,0.0,0.0,0.0,0.0,0.0,40000.0,0.0,0.0,0
0.0,0.0,5.0,0.0,0.0,0.0,0.0,40000.0,0.0,0.0,0
1.8739292751800336,0.18894460161967974,5.0,9032.0,0.0,1.6871870877256498,0.0,39929.0,1.3172453982697825,0.0,0
1.8739292751800336,0.18894460161967974,5.0,9032.0,0.0,1.6871870877256498,0.0,39929.0,1.3172453982697825,0.0,0
2.009410310155751,0.2320202901877441,6.0,10370.0,0.09247125292224119,1.6876520172803622,0.0,39918.0,1.3172453982697825,0.0,0
2.054845502215327,0.24732993584162274,7.0,10837.0,0.12263943781271021,1.6878634336130447,0.0,39913.0,1.3172453982697825,0.0,0
2.0837396216294106,0.2572313217610488,8.0,11120.0,0.1416998371588516,1.6881595054828213,0.0,39906.0,1.3172453982697825,0.0,0
2.1082015271886143,0.26737154386771983,9.0,11404.0,0.15604184706704424,1.6882441165245958,0.0,39904.0,1.3172453982697825,0.0,0
2.1282252061466163,0.2753484734950899,10.0,11609.0,0.16808859639767607,1.6882441165245958,0.0,39904.0,1.3172453982697825,0.0,0
2.147511299708084,0.2839421385711241,11.0,11838.0,0.17879225111844804,1.68828642522611,0.0,39903.0,1.3172453982697825,0.0,0
2.1629626888837934,0.28964833373696564,12.0,11997.0,0.18853744512831627,1.6882864252261096,0.0,39903.0,1.3172453982697825,0.0,0
2.178363482347598,0.29607907954397833,13.0,12179.0,0.19751976001898033,1.688328736048255,0.0,39902.0,1.3172453982697825,0.0,0
2.1924437768932563,0.301849883405007,14.0,12342.0,0.20584193926143418,1.6883710489911894,0.0,39901.0,1.3172453982697825,0.0,0
2.204532346788491,0.30622289821805027,15.0,12473.0,0.21358306542168032,1.6884556812400675,0.0,39899.0,1.3172453982697825,0.0,0
2.215923735674381,0.3104189863074037,16.0,12592.0,0.22079167004824513,1.6884980005463293,0.0,39898.0,1.3172453982697825,0.0,0
2.2269699261694917,0.31473991984429733,17.0,12714.0,0.22751692700646178,1.6884980005463295,0.0,39898.0,1.3172453982697825,0.0,0
2.2357170483958817,0.3172120345878491,18.0,12790.0,0.23381941594341654,1.688582645523297,0.0,39896.0,1.3172453982697825,0.0,0
2.246461991626152,0.3220681338652854,19.0,12910.0,0.2397223199047569,1.6886249711943218,0.0,39895.0,1.3172453982697825,0.0,0
2.2555344408993703,0.3256023630613342,20.0,13004.0,0.24526053998192637,1.6886249711943215,0.0,39895.0,1.3172453982697825,0.0,0
2.266139778383734,0.33099633581323784,21.0,13143.0,0.2504719047143866,1.688624971194321,0.0,39895.0,1.3172453982697825,0.0,0
2.2745693957514495,0.3345377695037269,22.0,13233.0,0.25540416839845126,1.6887519609394732,0.0,39892.0,1.3172453982697825,0.0,0
2.2828981827732227,0.33823209220744616,23.0,13330.0,0.26005346057047574,1.6887942950990815,0.0,39891.0,1.3172453982697825,0.0,0
2.290151308555737,0.34109835557889107,24.0,13411.0,0.2644554123479859,1.6888366313812349,0.0,39890.0,1.3172453982697825,0.0,0
2.2974748118497774,0.34426080892306554,25.0,13494.0,0.2686317038662193,1.6888789697860933,0.0,39889.0,1.3172453982697825,0.0,0
2.304380292185934,0.3472026692815574,26.0,13567.0,0.27259532384388446,1.688878969786093,0.0,39889.0,1.3172453982697825,0.0,0
2.311370146897524,0.35043546010258664,27.0,13650.0,0.27638370884118,1.6889636529645617,0.0,39887.0,1.3172453982697825,0.0,0
2.3181724953847596,0.3536530675976552,28.0,13734.0,0.28000013042042504,1.6890483446357647,0.0,39885.0,1.3172453982697825,0.0,0
2.3235184034623755,0.35555384494924575,29.0,13786.0,0.2834452611464499,1.6890483446357651,0.0,39885.0,1.3172453982697825,0.0,0
2.3294825543511286,0.35822696342176086,30.0,13858.0,0.28675243648279114,1.6890906936565409,0.0,39884.0,1.3172453982697825,0.0,0
2.3336846925192316,0.3592615358079055,31.0,13886.0,0.2899200022647493,1.6890906936565404,0.0,39884.0,1.3172453982697825,0.0,0
2.338544408412612,0.36109425239317383,32.0,13941.0,0.29297971698716485,1.6891753980692414,0.0,39882.0,1.3172453982697825,0.0,0
2.344480948098321,0.3640971030481097,33.0,14011.0,0.29591340601793836,1.6891753980692408,0.0,39882.0,1.3172453982697825,0.0,0
2.349052906028117,0.3658481592815744,34.0,14059.0,0.29875094168341315,1.6892177534614847,0.0,39881.0,1.3172453982697825,0.0,0
2.3539879242326176,0.3680479154872295,35.0,14115.0,0.30148620368225804,1.6892177534614852,0.0,39881.0,1.3172453982697825,0.0,0
2.3581485982380648,0.3695897091398199,36.0,14161.0,0.3041556363632795,1.6893448323837075,0.0,39878.0,1.3172453982697825,0.0,0
2.363181550011472,0.37205607706505367,37.0,14232.0,0.3067222202114527,1.689344832383707,0.0,39878.0,1.3172453982697825,0.0,0
2.3676838642806093,0.3740767719029146,38.0,14285.0,0.3092208946468828,1.689387196273478,0.0,39877.0,1.3172453982697825,0.0,0
2.3718326887974404,0.375813683459691,39.0,14327.0,0.3116500437671998,1.68942956228803,0.0,39876.0,1.3172453982697825,0.0,0
2.3761037409255943,0.3777278177329909,40.0,14379.0,0.3140069616220535,1.6894295622880298,0.0,39876.0,1.3172453982697825,0.0,0
2.3805838540192714,0.3799113329070782,41.0,14431.0,0.3163035595416443,1.689429562288029,0.0,39876.0,1.3172453982697825,0.0,0
2.383925909739238,0.38101294513777856,42.0,14462.0,0.31854400303090946,1.6894295622880298,0.0,39876.0,1.3172453982697825,0.0,0
2.3882029097021413,0.3831117822196023,43.0,14511.0,0.32073980039887373,1.6894719304275223,0.0,39875.0,1.3172453982697825,0.0,0
2.3924988198002866,0.38527839384018947,44.0,14562.0,0.32288676459303345,1.6895143006921163,0.0,39874.0,1.3172453982697825,0.0,0
2.396080246705367,0.3867665362061844,45.0,14602.0,0.3249800491321183,1.6895143006921176,0.0,39874.0,1.3172453982697825,0.0,0
2.400183040449761,0.3888292272271443,46.0,14656.0,0.3270380305960084,1.6895566730819718,0.0,39873.0,1.3172453982697825,0.0,0
2.4039827491907935,0.3906193324978579,47.0,14698.0,0.3290476340663271,1.6895566730819715,0.0,39873.0,1.3172453982697825,0.0,0
2.4088759478099955,0.39355137264591833,48.0,14763.0,0.3310269195024809,1.6895990475972475,0.0,39872.0,1.3172453982697825,0.0,0
2.41275961015072,0.3954997892675099,49.0,14817.0,0.33296216522161365,1.689599047597248,0.0,39872.0,1.3172453982697825,0.0,0
2.416691786442118,0.3975310082846289,50.0,14867.0,0.3348631224958924,1.689599047597248,0.0,39872.0,1.3172453982697825,0.0,0
2.4197053459691076,0.39867607500121804,51.0,14899.0,0.33673161530629286,1.689599047597248,0.0,39872.0,1.3172453982697825,0.0,0
2.4222718027836354,0.39940488432503835,52.0,14920.0,0.3385692627970004,1.6895990475972482,0.0,39872.0,1.3172453982697825,0.0,0
2.425612285965459,0.4009370898802368,53.0,14961.0,0.3403775404236255,1.6895990475972482,0.0,39872.0,1.3172453982697825,0.0,0
2.428083902265931,0.40162845040257333,54.0,14980.0,0.342157796201761,1.6895990475972478,0.0,39872.0,1.3172453982697825,0.0,0
2.4316197804485142,0.4034212133070506,55.0,15022.0,0.3439195781859133,1.6896414242381042,0.0,39871.0,1.3172453982697825,0.0,0
2.435306485232275,0.40537996613939786,56.0,15071.0,0.34564753013732635,1.6896414242381053,0.0,39871.0,1.3172453982697825,0.0,0
2.4383104265817073,0.4066806482910921,57.0,15103.0,0.3473507893350649,1.6896414242381044,0.0,39871.0,1.3172453982697825,0.0,0
2.441553050484699,0.4082436951782887,58.0,15140.0,0.34903036635086,1.6896414242381042,0.0,39871.0,1.3172453982697825,0.0,0
2.4450192359767327,0.41005310335302086,59.0,15182.0,0.3506871436681613,1.6896414242381046,0.0,39871.0,1.3172453982697825,0.0,0
2.4482970194301075,0.4117173379993119,60.0,15222.0,0.3523389886554969,1.6897261838972004,0.0,39869.0,1.3172453982697825,0.0,0
2.4513260933140635,0.41314324337312464,61.0,15258.0,0.35396136820745533,1.6897685669157592,0.0,39868.0,1.3172453982697825,0.0,0
2.4543447404799257,0.4145900380548853,62.0,15296.0,0.3555718381034227,1.6898533393316975,0.0,39866.0,1.3172453982697825,0.0,0
2.4569303352151013,0.41561281599192434,63.0,15325.0,0.35715397789661885,1.6898957287293974,0.0,39865.0,1.3172453982697825,0.0,0
2.4597502660132813,0.416878612781658,64.0,15353.0,0.3587081119050653,1.6898957287293979,0.0,39865.0,1.3172453982697825,0.0,0
2.462901545646524,0.41849466464527474,65.0,15390.0,0.360243339674691,1.6898957287293983,0.0,39865.0,1.3172453982697825,0.0,0
2.4655265233870933,0.4196027378535568,66.0,15415.0,0.36176024420697844,1.6898957287293979,0.0,39865.0,1.3172453982697825,0.0,0
2.4681110369158588,0.42070990556249144,67.0,15445.0,0.3632768947748942,1.6899805139050608,0.0,39863.0,1.3172453982697825,0.0,0
2.470934922089562,0.42206273812072664,68.0,15477.0,0.36476766597929644,1.6900229096833448,0.0,39862.0,1.3172453982697825,0.0,0
2.4740424700262498,0.4237162163032617,69.0,15515.0,0.366241476621527,1.690065307588807,0.0,39861.0,1.3172453982697825,0.0,0
2.476301385064775,0.4245267421225533,70.0,15541.0,0.3676898658407601,1.690065307588808,0.0,39861.0,1.3172453982697825,0.0,0
2.478554234097284,0.425347541690916,71.0,15564.0,0.3691219153049068,1.690065307588808,0.0,39861.0,1.3172453982697825,0.0,0
2.48099937869094,0.4263765680357095,72.0,15588.0,0.370538033553769,1.6900653075888077,0.0,39861.0,1.3172453982697825,0.0,0
2.484170927789321,0.42814760162391313,73.0,15623.0,0.3719385490639461,1.6900653075888084,0.0,39861.0,1.3172453982697825,0.0,0
2.4868545569430527,0.42945710700421974,74.0,15659.0,0.37333280075295977,1.6901077076216124,0.0,39860.0,1.3172453982697825,0.0,0
2.489226723613536,0.4304811532868271,75.0,15687.0,0.3747212684819984,1.690192514069885,0.0,39858.0,1.3172453982697825,0.0,0
2.4933704137514203,0.43331367876312976,76.0,15757.0,0.3761134699703608,1.6903621525015673,0.0,39854.0,1.3172453982697825,0.0,0
2.4957528336545667,0.4343544364688173,77.0,15782.0,0.3774551321678199,1.6903621525015675,0.0,39854.0,1.3172453982697825,0.0,0
2.498843606707925,0.4361181179381297,78.0,15826.0,0.37878222375186615,1.690362152501567,0.0,39854.0,1.3172453982697825,0.0,0
2.501985971434531,0.4379474819847121,79.0,15865.0,0.3800952244318896,1.6903621525015673,0.0,39854.0,1.3172453982697825,0.0,0
2.504045066564042,0.43870741374834754,80.0,15883.0,0.3813943877977652,1.6903621525015669,0.0,39854.0,1.3172453982697825,0.0,0
2.5060172989168508,0.43939409814272695,81.0,15902.0,0.3826799357561942,1.6903621525015673,0.0,39854.0,1.3172453982697825,0.0,0
2.508257326770155,0.4403619885168946,82.0,15923.0,0.3839520732353307,1.690362152501567,0.0,39854.0,1.3172453982697825,0.0,0
2.509910204276173,0.4407559452285347,83.0,15934.0,0.385210994029709,1.6903621525015675,0.0,39854.0,1.3172453982697825,0.0,0
2.5120826779782237,0.44168252961282284,84.0,15961.0,0.3864568833474712,1.6903621525015675,0.0,39854.0,1.3172453982697825,0.0,0
2.5144312261965927,0.4428094662466288,85.0,15989.0,0.3876992989333112,1.6904045674302428,0.0,39853.0,1.3172453982697825,0.0,0
2.5165252164530503,0.44368297042284643,86.0,16008.0,0.3889197850135511,1.690404567430243,0.0,39853.0,1.3172453982697825,0.0,0
2.5189877008470374,0.44493755766047405,87.0,16035.0,0.3901276821699103,1.690404567430243,0.0,39853.0,1.3172453982697825,0.0,0
2.521098173861724,0.4458525028049479,88.0,16056.0,0.3913232100401228,1.690404567430243,0.0,39853.0,1.3172453982697825,0.0,0
2.523816514851337,0.447387522693637,89.0,16088.0,0.39250653114104744,1.6904045674302428,0.0,39853.0,1.3172453982697825,0.0,0
2.5258998035620253,0.4482995437732598,90.0,16108.0,0.39367779877211273,1.6904045674302435,0.0,39853.0,1.3172453982697825,0.0,0
2.5283152454854,0.4495556242060148,91.0,16138.0,0.39483716026273236,1.6904045674302424,0.0,39853.0,1.3172453982697825,0.0,0
2.5304827921784923,0.4505755728129179,92.0,16164.0,0.3959847583489214,1.6904045674302428,0.0,39853.0,1.3172453982697825,0.0,0
2.5323128847396874,0.4512696918774432,93.0,16181.0,0.39712073184559127,1.6904045674302428,0.0,39853.0,1.3172453982697825,0.0,0
2.534771401280046,0.45260372421881556,94.0,16212.0,0.39824521604457797,1.6904045674302424,0.0,39853.0,1.3172453982697825,0.0,0
2.5375403491807247,0.4542595451660299,95.0,16250.0,0.3993583429980421,1.6904045674302428,0.0,39853.0,1.3172453982697825,0.0,0
2.5392341865901384,0.45485148382621204,96.0,16267.0,0.4004602417472734,1.6904045674302435,0.0,39853.0,1.3172453982697825,0.0,0
2.5417331973795907,0.4562714872326242,97.0,16300.0,0.4015607581853222,1.6904469844875407,0.0,39852.0,1.3172453982697825,0.0,0
2.54371132591626,0.45716966848521495,98.0,16328.0,0.4026407054694006,1.6904469844875407,0.0,39852.0,1.3172453982697825,0.0,0
2.545515895331559,0.45790522001797385,99.0,16343.0,0.4037097233519412,1.6904469844875405,0.0,39852.0,1.3172453982697825,0.0,0
2.547240907213715,0.45857196529014715,100.0,16362.0,0.4047679899619239,1.690446984487541,0.0,39852.0,1.3172453982697825,0.0,0
2.5487151545746767,0.4589985733860578,101.0,16373.0,0.4058156292269748,1.6904469844875407,0.0,39852.0,1.3172453982697825,0.0,0
2.5510521120613974,0.46029840170701464,102.0,16404.0,0.40685275839273854,1.6904469844875407,0.0,39852.0,1.3172453982697825,0.0,0
2.5531854211852285,0.4614049781904022,103.0,16428.0,0.40787949103318183,1.6904469844875407,0.0,39852.0,1.3172453982697825,0.0,0
2.55510664225818,0.46230975207939945,104.0,16448.0,0.4088959382171362,1.6904469844875407,0.0,39852.0,1.3172453982697825,0.0,0
2.5565101837983852,0.46271898131122585,105.0,16458.0,0.4099121223010422,1.6904894036736215,0.0,39851.0,1.3172453982697825,0.0,0
2.558888832299928,0.4641012992827082,106.0,16489.0,0.41090845283110283,1.6904894036736213,0.0,39851.0,1.3172453982697825,0.0,0
2.560191865306341,0.4644180386962043,107.0,16498.0,0.4118947464240193,1.6904894036736204,0.0,39851.0,1.3172453982697825,0.0,0
2.5620416888863384,0.4652914412248754,108.0,16520.0,0.41287116747534586,1.6904894036736204,0.0,39851.0,1.3172453982697825,0.0,0
2.5635982867378977,0.4658813805672061,109.0,16534.0,0.4138378259845744,1.6904894036736204,0.0,39851.0,1.3172453982697825,0.0,0
2.5656072377557586,0.4669454045297839,110.0,16567.0,0.41480485823474916,1.6905318249886443,0.0,39850.0,1.3172453982697825,0.0,0
2.5668908795579783,0.46728147710450574,111.0,16579.0,0.41575242746224667,1.6905318249886447,0.0,39850.0,1.3172453982697825,0.0,0
2.569983127442973,0.46943568775069555,112.0,16624.0,0.4166904647010522,1.6905318249886445,0.0,39850.0,1.3172453982697825,0.0,0
2.5719337244824603,0.4704576223076721,113.0,16647.0,0.4176191271835626,1.6905318249886447,0.0,39850.0,1.3172453982697825,0.0,0
2.574112661979013,0.471717168702173,114.0,16677.0,0.418538518285614,1.6905318249886443,0.0,39850.0,1.3172453982697825,0.0,0
2.5764289509514042,0.47312324047446,115.0,16711.0,0.41944873548571876,1.6905318249886436,0.0,39850.0,1.3172453982697825,0.0,0
2.57851796444489,0.47431111609567067,116.0,16735.0,0.4203498733579934,1.6905318249886447,0.0,39850.0,1.3172453982697825,0.0,0
2.5800048925881804,0.47490589290340113,117.0,16749.0,0.42124202469355404,1.6905318249886434,0.0,39850.0,1.3172453982697825,0.0,0
2.581701310327482,0.47571905440369056,118.0,16771.0,0.42212528093256646,1.6905318249886434,0.0,39850.0,1.3172453982697825,0.0,0
2.5831125365303405,0.47625582919779075,119.0,16784.0,0.4229997323413241,1.6905318249886436,0.0,39850.0,1.3172453982697825,0.0,0
2.5845712346505034,0.47686112355389143,120.0,16804.0,0.42387571828512904,1.69057424843277,0.0,39849.0,1.3172453982697825,0.0,0
2.586361917571562,0.4777945720106731,121.0,16823.0,0.4247329527494056,1.69057424843277,0.0,39849.0,1.3172453982697825,0.0,0
2.5878825759546453,0.4784789944072763,122.0,16842.0,0.4255918678301656,1.6906166740061603,0.0,39848.0,1.3172453982697825,0.0,0
2.589910323269915,0.47966646337278046,123.0,16868.0,0.42643214617993175,1.69061667400616,0.0,39848.0,1.3172453982697825,0.0,0
2.591692142145985,0.48061645185384866,124.0,16892.0,0.4272639765749336,1.6906166740061592,0.0,39848.0,1.3172453982697825,0.0,0
2.593881586351203,0.4819823662578322,125.0,16922.0,0.4280875063761678,1.6906166740061597,0.0,39848.0,1.3172453982697825,0.0,0
2.595489734454591,0.48277519328717033,126.0,16938.0,0.42890282745021807,1.6906166740061597,0.0,39848.0,1.3172453982697825,0.0,0
2.597120322900713,0.4835985837513245,127.0,16961.0,0.4297100254321857,1.6906166740061601,0.0,39848.0,1.3172453982697825,0.0,0
2.599012826548837,0.4846919297339767,128.0,16988.0,0.4305091830976573,1.6906166740061601,0.0,39848.0,1.3172453982697825,0.0,0
2.6004648275452236,0.48535273221491615,129.0,17001.0,0.4313003816131043,1.6906166740061601,0.0,39848.0,1.3172453982697825,0.0,0
2.601696201590898,0.48580078686780076,130.0,17013.0,0.4320837010058943,1.6906166740061603,0.0,39848.0,1.3172453982697825,0.0,0
2.6029564998252837,0.4862855657613917,131.0,17023.0,0.4328592203466892,1.6906166740061597,0.0,39848.0,1.3172453982697825,0.0,0
2.604264098408553,0.4868253668657929,132.0,17040.0,0.4336270178255571,1.69061667400616,0.0,39848.0,1.3172453982697825,0.0,0
2.6059747382861307,0.487775853780382,133.0,17061.0,0.4343871707885456,1.6906166740061594,0.0,39848.0,1.3172453982697825,0.0,0
2.6075364935216427,0.48858502404513227,134.0,17079.0,0.43513975575930725,1.6906166740061601,0.0,39848.0,1.3172453982697825,0.0,0
2.609065610542992,0.48936904837092693,135.0,17097.0,0.435884848454862,1.6906166740061594,0.0,39848.0,1.3172453982697825,0.0,0
2.610946550131893,0.4905123126158239,136.0,17119.0,0.4366225237988661,1.69061667400616,0.0,39848.0,1.3172453982697825,0.0,0
2.612519586862738,0.4913550172118805,137.0,17140.0,0.43735285593365464,1.6906166740061601,0.0,39848.0,1.3172453982697825,0.0,0
2.6140885563479883,0.49221365558434654,138.0,17162.0,0.4380865081061095,1.6906591017089736,0.0,39847.0,1.3172453982697825,0.0,0
2.6157925067509575,0.4932016172316972,139.0,17184.0,0.438802496861728,1.690659101708974,0.0,39847.0,1.3172453982697825,0.0,0
2.6175668926981928,0.4942672138348657,140.0,17208.0,0.43951128620579494,1.6906591017089732,0.0,39847.0,1.3172453982697825,0.0,0
2.6187742913397662,0.4947728904774672,141.0,17219.0,0.44021300820476716,1.6906591017089727,0.0,39847.0,1.3172453982697825,0.0,0
2.620915917550961,0.4962197840685462,142.0,17247.0,0.4409077408248826,1.6906591017089736,0.0,39847.0,1.3172453982697825,0.0,0
2.622250721850744,0.49686677260860523,143.0,17263.0,0.4415955565846063,1.6906591017089738,0.0,39847.0,1.3172453982697825,0.0,0
2.623338534405659,0.497273616200697,144.0,17274.0,0.4422765255474298,1.6906591017089732,0.0,39847.0,1.3172453982697825,0.0,0
2.6256260163285305,0.49888690724286333,145.0,17307.0,0.44295071642813516,1.6906591017089736,0.0,39847.0,1.3172453982697825,0.0,0
2.6270606626722715,0.4996540730092171,146.0,17326.0,0.44361819700552213,1.6906591017089736,0.0,39847.0,1.3172453982697825,0.0,0
2.630690312332402,0.5026358801976871,147.0,17392.0,0.4442897808046956,1.6907015315413711,0.0,39846.0,1.3172453982697825,0.0,0
2.6326777662601564,0.503968953686003,148.0,17423.0,0.44494416124413444,1.6907015315413703,0.0,39846.0,1.3172453982697825,0.0,0
2.6353963959594977,0.506039787005009,149.0,17463.0,0.4455919576244697,1.690701531541371,0.0,39846.0,1.3172453982697825,0.0,0
2.6364214522628844,0.5064366042850091,150.0,17474.0,0.44624408917545316,1.690743963503512,0.0,39845.0,1.3172453982697825,0.0,0
2.6373338310622043,0.5067139113737595,151.0,17483.0,0.4468791608860229,1.6907439635035122,0.0,39845.0,1.3172453982697825,0.0,0
2.638898995403061,0.5076635391212192,152.0,17504.0,0.44751866215784425,1.690786397595559,0.0,39844.0,1.3172453982697825,0.0,0
2.64053545042449,0.5086906185109787,153.0,17529.0,0.44815202727235914,1.6908288338176718,0.0,39843.0,1.3172453982697825,0.0,0
2.641676316758548,0.5092151100642512,154.0,17539.0,0.4487684020531449,1.6908288338176718,0.0,39843.0,1.3172453982697825,0.0,0
2.6434043093039405,0.510332950867294,155.0,17563.0,0.44937855379549463,1.6908288338176716,0.0,39843.0,1.3172453982697825,0.0,0
2.645154670391677,0.5114792518280197,156.0,17590.0,0.44998261392250516,1.6908288338176716,0.0,39843.0,1.3172453982697825,0.0,0
2.6460153122077306,0.5117418536286442,157.0,17595.0,0.4505806539379346,1.6908288338176714,0.0,39843.0,1.3172453982697825,0.0,0
2.647042941891648,0.5121773993046007,158.0,17606.0,0.4511727379458954,1.6908288338176718,0.0,39843.0,1.3172453982697825,0.0,0
2.648842548730987,0.5133908171556979,159.0,17626.0,0.4517589269341368,1.6908288338176718,0.0,39843.0,1.3172453982697825,0.0,0
2.6498674875716586,0.5138354025756974,160.0,17638.0,0.45233928035480914,1.6908288338176714,0.0,39843.0,1.3172453982697825,0.0,0
2.6504420639283293,0.5138354025756974,161.0,17638.0,0.45291385671147993,1.6908288338176716,0.0,39843.0,1.3172453982697825,0.0,0
2.6520389100237995,0.5148767000301488,162.0,17660.0,0.4534936722166731,1.6908712721700072,0.0,39842.0,1.3172453982697825,0.0,0
2.6534948673416565,0.5157693404445123,163.0,17679.0,0.4540569891201663,1.6908712721700079,0.0,39842.0,1.3172453982697825,0.0,0
2.6548656283647474,0.5165824653719921,164.0,17699.0,0.45461462521577795,1.690871272170008,0.0,39842.0,1.3172453982697825,0.0,0
2.6557930765883326,0.516957840518665,165.0,17707.0,0.4551666982926898,1.6908712721700083,0.0,39842.0,1.3172453982697825,0.0,0
2.656882443474875,0.5175006342621099,166.0,17721.0,0.4557132714357868,1.690871272170008,0.0,39842.0,1.3172453982697825,0.0,0
2.657760819594402,0.5178378794700491,167.0,17732.0,0.45625440234737463,1.6908712721700083,0.0,39842.0,1.3172453982697825,0.0,0
2.658406148392974,0.5179474642216129,168.0,17735.0,0.4567901463943835,1.6908712721700079,0.0,39842.0,1.3172453982697825,0.0,0
2.6600852139770526,0.5191230054027084,169.0,17762.0,0.45734265650669037,1.6909561552660002,0.0,39840.0,1.3172453982697825,0.0,0
2.661549580195328,0.5200754500642885,170.0,17783.0,0.45787909015231504,1.6909986000099768,0.0,39839.0,1.3172453982697825,0.0,0
2.662302431577806,0.5203081833781452,171.0,17792.0,0.45839920822093577,1.6909986000099773,0.0,39839.0,1.3172453982697825,0.0,0
2.6632761684830313,0.5207670782415138,172.0,17802.0,0.4589140502627922,1.6909986000099768,0.0,39839.0,1.3172453982697825,0.0,0
2.6641602070904145,0.5211549297766067,173.0,17812.0,0.45943484314354804,1.6910410468848198,0.0,39838.0,1.3172453982697825,0.0,0
2.6647899940126667,0.5212799844591912,174.0,17816.0,0.4599395753832159,1.6910410468848198,0.0,39838.0,1.3172453982697825,0.0,0
2.6662371239299554,0.5222274840422492,175.0,17836.0,0.4604392057174468,1.6910410468848194,0.0,39838.0,1.3172453982697825,0.0,0
2.6672552576566937,0.5227509757340804,176.0,17848.0,0.46093384775235385,1.6910410468848196,0.0,39838.0,1.3172453982697825,0.0,0
2.6683611334513264,0.5233671396893448,177.0,17864.0,0.46142355959172204,1.6910410468848198,0.0,39838.0,1.3172453982697825,0.0,0
2.66962253374184,0.5241437059543613,178.0,17882.0,0.46190839361721886,1.6910410468848205,0.0,39838.0,1.3172453982697825,0.0,0
2.6708350061489448,0.5248761722010862,179.0,17897.0,0.4623883997775994,1.69104104688482,0.0,39838.0,1.3172453982697825,0.0,0
2.67235747717365,0.5259234162001624,180.0,17919.0,0.4628636268032284,1.6910410468848187,0.0,39838.0,1.3172453982697825,0.0,0
2.6729416347981187,0.5260370779700386,181.0,17922.0,0.46333412265782103,1.6910410468848198,0.0,39838.0,1.3172453982697825,0.0,0
2.673688365421096,0.5263179965414824,182.0,17928.0,0.4637999347093539,1.6910410468848205,0.0,39838.0,1.3172453982697825,0.0,0
2.674222416383746,0.5263908724160105,183.0,17931.0,0.4642611097974763,1.6910410468848198,0.0,39838.0,1.3172453982697825,0.0,0
2.6749636448967267,0.5266755164638071,184.0,17940.0,0.46471769426266035,1.6910410468848198,0.0,39838.0,1.3172453982697825,0.0,0
2.6760521459873656,0.5273119778559926,185.0,17950.0,0.46516973396111344,1.6910410468848203,0.0,39838.0,1.3172453982697825,0.0,0
2.6772871655659194,0.5280994571213582,186.0,17971.0,0.46561727427430166,1.6910410468848196,0.0,39838.0,1.3172453982697825,0.0,0
2.6780056977641498,0.5283749034775398,187.0,17979.0,0.46606036011635027,1.6910410468848207,0.0,39838.0,1.3172453982697825,0.0,0
2.6786045300305505,0.5285350599197577,188.0,17983.0,0.46649903594053344,1.6910410468848198,0.0,39838.0,1.3172453982697825,0.0,0
2.679581227163027,0.5290911581863552,189.0,17996.0,0.46694461957692474,1.6910834958906915,0.0,39837.0,1.3172453982697825,0.0,0
2.6804010638338647,0.5294808881537421,190.0,18005.0,0.4673747262803759,1.6910834958906915,0.0,39837.0,1.3172453982697825,0.0,0
2.6811483176811013,0.5298023897905566,191.0,18013.0,0.4678004784907973,1.6910834958906915,0.0,39837.0,1.3172453982697825,0.0,0
2.682007920132327,0.5302404900841623,192.0,18025.0,0.4682219806484177,1.6910834958906913,0.0,39837.0,1.3172453982697825,0.0,0
2.6825861661173334,0.5304014340177498,193.0,18031.0,0.46863928269983657,1.6910834958906915,0.0,39837.0,1.3172453982697825,0.0,0
2.6835395441351126,0.5309416653837689,194.0,18044.0,0.4690524293515967,1.6910834958906915,0.0,39837.0,1.3172453982697825,0.0,0
2.6846377930557503,0.5316308805441571,195.0,18061.0,0.46946146311184606,1.6910834958906915,0.0,39837.0,1.3172453982697825,0.0,0
2.6851934356317266,0.5317815608197713,196.0,18066.0,0.46986642541220786,1.6910834958906917,0.0,39837.0,1.3172453982697825,0.0,0
2.6862830177566273,0.5324702113329163,197.0,18079.0,0.4702673570239636,1.691083495890692,0.0,39837.0,1.3172453982697825,0.0,0
2.6870835643453517,0.5328876349029301,198.0,18089.0,0.4706756583028615,1.6911259470277498,0.0,39836.0,1.3172453982697825,0.0,0
2.6885609728896505,0.5339719343385525,199.0,18112.0,0.47106876741153775,1.69112594702775,0.0,39836.0,1.3172453982697825,0.0,0
2.68940120064574,0.5344230392539341,200.0,18123.0,0.47145789025224577,1.6911259470277495,0.0,39836.0,1.3172453982697825,0.0,0
2.6898869003814174,0.5345373685207168,201.0,18128.0,0.47185451704174897,1.6911684002961582,0.0,39835.0,1.3172453982697825,0.0,0
2.6913841132354097,0.5356669436564242,202.0,18155.0,0.472247433041511,1.691210855696075,0.0,39834.0,1.3172453982697825,0.0,0
2.6920380396419024,0.5359431088924184,203.0,18162.0,0.4726251942120093,1.691210855696075,0.0,39834.0,1.3172453982697825,0.0,0
2.6926370726654234,0.536168228239001,204.0,18167.0,0.4729991078889473,1.6912108556960752,0.0,39834.0,1.3172453982697825,0.0,0
2.693280908026514,0.5364418901454965,205.0,18172.0,0.4733692813435426,1.6912108556960759,0.0,39834.0,1.3172453982697825,0.0,0
2.6948012790726343,0.5375957800778307,206.0,18195.0,0.47373576245732857,1.691210855696075,0.0,39834.0,1.3172453982697825,0.0,0
2.6955995435002458,0.5380312148987694,207.0,18206.0,0.47409859206400085,1.6912108556960759,0.0,39834.0,1.3172453982697825,0.0,0
2.6961410956717033,0.5382135509763839,208.0,18210.0,0.4744578081578441,1.6912108556960754,0.0,39834.0,1.3172453982697825,0.0,0
2.696690682786646,0.5384074988039151,209.0,18216.0,0.4748134474452555,1.6912108556960754,0.0,39834.0,1.3172453982697825,0.0,0
2.69915783474056,0.5405225522837436,210.0,18254.0,0.47516554591934124,1.6912108556960748,0.0,39834.0,1.3172453982697825,0.0,0
2.7002055533640417,0.5412216777516129,211.0,18272.0,0.47551413907495366,1.6912108556960754,0.0,39834.0,1.3172453982697825,0.0,0
2.7005919262733897,0.541262927744621,212.0,18274.0,0.47585926199129336,1.6912108556960754,0.0,39834.0,1.3172453982697825,0.0,0
2.701446249225963,0.5417755633228387,213.0,18287.0,0.4762009493656494,1.6912108556960754,0.0,39834.0,1.3172453982697825,0.0,0
2.702114137568376,0.5421051655018712,214.0,18294.0,0.4765392355290299,1.691210855696075,0.0,39834.0,1.3172453982697825,0.0,0
2.703154710700437,0.5428108197079508,215.0,18308.0,0.4768741544550115,1.6912108556960739,0.0,39834.0,1.3172453982697825,0.0,0
2.7046128268081593,0.5439373505047043,216.0,18332.0,0.47720573976598,1.6912108556960754,0.0,39834.0,1.3172453982697825,0.0,0
2.70530352021561,0.5442997589398259,217.0,18340.0,0.4775340247383089,1.6912108556960754,0.0,39834.0,1.3172453982697825,0.0,0
2.7058078737026,0.5444790948580718,218.0,18346.0,0.47785904230705334,1.6912108556960752,0.0,39834.0,1.3172453982697825,0.0,0
2.7066715316578773,0.5450209700500261,219.0,18362.0,0.4781808250703757,1.6912108556960754,0.0,39834.0,1.3172453982697825,0.0,0
2.7073940786493114,0.5454249368180418,220.0,18373.0,0.4784994052937943,1.6912108556960752,0.0,39834.0,1.3172453982697825,0.0,0
2.708149074598922,0.5458645231471567,221.0,18384.0,0.47881481491429,1.6912108556960748,0.0,39834.0,1.3172453982697825,0.0,0
2.7086660146010346,0.5460691925192696,222.0,18390.0,0.4791270855442896,1.6912108556960754,0.0,39834.0,1.3172453982697825,0.0,0
2.7094007675711187,0.5464947825581018,223.0,18398.0,0.4794362484755423,1.6912108556960743,0.0,39834.0,1.3172453982697825,0.0,0
2.7097688915668474,0.5465568203464789,224.0,18401.0,0.4797423346828934,1.6912108556960752,0.0,39834.0,1.3172453982697825,0.0,0
2.7102079947912623,0.5466928834258213,225.0,18403.0,0.48004537482796605,1.6912108556960752,0.0,39834.0,1.3172453982697825,0.0,0
2.711900787770491,0.5480856519702619,226.0,18427.0,0.48034539926275444,1.6912108556960743,0.0,39834.0,1.3172453982697825,0.0,0
2.712443504924169,0.5483313303535565,227.0,18432.0,0.4806424380331378,1.6912108556960743,0.0,39834.0,1.3172453982697825,0.0,0
2.7132007552832236,0.5487944978634319,228.0,18441.0,0.4809365208823166,1.6912108556960754,0.0,39834.0,1.3172453982697825,0.0,0
2.7135748139929734,0.5488774002013198,229.0,18443.0,0.48122767725417837,1.691210855696075,0.0,39834.0,1.3172453982697825,0.0,0
2.7144289903300005,0.54944331749593,230.0,18454.0,0.4815159362965956,1.691210855696074,0.0,39834.0,1.3172453982697825,0.0,0
2.714850670056778,0.5495796066546416,231.0,18456.0,0.4818013268646612,1.6912108556960757,0.0,39834.0,1.3172453982697825,0.0,0
2.715207446490113,0.5496538324287749,232.0,18458.0,0.4820838775238627,1.6912108556960752,0.0,39834.0,1.3172453982697825,0.0,0
2.7159171624698475,0.5500980764273731,233.0,18470.0,0.4823752532493933,1.6912533132276624,0.0,39833.0,1.3172453982697825,0.0,0
2.716226779264905,0.5501306209452704,234.0,18471.0,0.4826523255265531,1.6912533132276624,0.0,39833.0,1.3172453982697825,0.0,0
2.7169425649208248,0.5505721658877463,235.0,18482.0,0.48292656623999686,1.6912533132276624,0.0,39833.0,1.3172453982697825,0.0,0
2.7172459652962506,0.5506040674890197,236.0,18485.0,0.4831980650141492,1.6912533132276628,0.0,39833.0,1.3172453982697825,0.0,0
2.7175828259278343,0.5506721363479462,237.0,18488.0,0.48346685678680656,1.6912533132276621,0.0,39833.0,1.3172453982697825,0.0,0
2.7179284534510417,0.5507516492838807,238.0,18490.0,0.48373297137407906,1.6912533132276628,0.0,39833.0,1.3172453982697825,0.0,0
2.7182971055477516,0.5508568362210998,239.0,18493.0,0.48399643653356994,1.6912533132276628,0.0,39833.0,1.3172453982697825,0.0,0
2.7188843810384835,0.5511832691524965,240.0,18501.0,0.48425727909290517,1.6912533132276621,0.0,39833.0,1.3172453982697825,0.0,0
2.719845438811333,0.5518860806511002,241.0,18520.0,0.4845155253671509,1.6912533132276626,0.0,39833.0,1.3172453982697825,0.0,0
2.7203995752542562,0.5521845411466197,242.0,18529.0,0.4847712013145547,1.6912533132276626,0.0,39833.0,1.3172453982697825,0.0,0
2.7208914856173223,0.5524233202282874,243.0,18535.0,0.4850243325959535,1.6912533132276621,0.0,39833.0,1.3172453982697825,0.0,0
2.7212104069550436,0.5524916295632836,244.0,18536.0,0.48527494459867854,1.6912533132276626,0.0,39833.0,1.3172453982697825,0.0,0
2.7215268457979627,0.5525599505575373,245.0,18537.0,0.4855230624473446,1.6912533132276621,0.0,39833.0,1.3172453982697825,0.0,0
2.7227305686608854,0.5535180248580487,246.0,18556.0,0.48576871100975555,1.6912533132276615,0.0,39833.0,1.3172453982697825,0.0,0
2.723332440530897,0.5538766928368491,247.0,18564.0,0.4860119149009664,1.6912533132276626,0.0,39833.0,1.3172453982697825,0.0,0
2.7239328637521267,0.5542507189431991,248.0,18575.0,0.48626442507414613,1.6912957728910794,0.0,39832.0,1.3172453982697825,0.0,0
2.724376540220355,0.5544558922089319,249.0,18578.0,0.4865029282766419,1.691295772891079,0.0,39832.0,1.3172453982697825,0.0,0
2.724701925954934,0.5545452224803897,250.0,18581.0,0.48673898373976343,1.691295772891079,0.0,39832.0,1.3172453982697825,0.0,0
2.7250515262349606,0.5546611293823164,251.0,18584.0,0.48697267711786313,1.691295772891079,0.0,39832.0,1.3172453982697825,0.0,0
2.7252956543275375,0.554673895040625,252.0,18586.0,0.48720403955213154,1.6912957728910796,0.0,39832.0,1.3172453982697825,0.0,0
2.725679224743776,0.5548284078910535,253.0,18590.0,0.4874330971179413,1.691295772891079,0.0,39832.0,1.3172453982697825,0.0,0
2.7262850850258475,0.5552074914157286,254.0,18599.0,0.48765987387533766,1.691295772891079,0.0,39832.0,1.3172453982697825,0.0,0
2.726519891959481,0.5552177792319631,255.0,18601.0,0.4878843929927366,1.6912957728910794,0.0,39832.0,1.3172453982697825,0.0,0
2.726745058274832,0.555220661377646,256.0,18602.0,0.48810667716240463,1.6912957728910794,0.0,39832.0,1.3172453982697825,0.0,0
2.7270335882828314,0.5552891197927311,257.0,18603.0,0.48832674875531884,1.6912957728910794,0.0,39832.0,1.3172453982697825,0.0,0
2.7274418685906165,0.555479518975755,258.0,18607.0,0.4885446298800805,1.691295772891079,0.0,39832.0,1.3172453982697825,0.0,0
2.727794306033099,0.5556162438918532,259.0,18611.0,0.4887603424064644,1.6912957728910794,0.0,39832.0,1.3172453982697825,0.0,0
2.7280554208806302,0.5556637931699512,260.0,18613.0,0.48897390797589835,1.691295772891079,0.0,39832.0,1.3172453982697825,0.0,0
2.7284774845969344,0.5558744168550737,261.0,18617.0,0.48918534800707913,1.6912957728910791,0.0,39832.0,1.3172453982697825,0.0,0
2.72926743209614,0.5564550286616107,262.0,18628.0,0.489394683699748,1.6912957728910791,0.0,39832.0,1.3172453982697825,0.0,0
2.7294836741566626,0.5564640183841467,263.0,18629.0,0.48960193603773516,1.6912957728910791,0.0,39832.0,1.3172453982697825,0.0,0
2.7300165043824145,0.5567916588559326,264.0,18635.0,0.48980712579170066,1.691295772891079,0.0,39832.0,1.3172453982697825,0.0,0
2.7303775388943263,0.5569495456378325,265.0,18638.0,0.4900102735217126,1.6912957728910791,0.0,39832.0,1.3172453982697825,0.0,0
2.7307536405864856,0.5571245212719738,266.0,18642.0,0.490211399579731,1.6912957728910791,0.0,39832.0,1.3172453982697825,0.0,0
2.730993908995123,0.5571656651483211,267.0,18645.0,0.4904105241120207,1.6912957728910796,0.0,39832.0,1.3172453982697825,0.0,0
2.731441355573358,0.5574159687770718,268.0,18652.0,0.4906076670615048,1.691295772891079,0.0,39832.0,1.3172453982697825,0.0,0
2.7319705132482848,0.5577499453434418,269.0,18659.0,0.4908028481700616,1.6912957728910791,0.0,39832.0,1.3172453982697825,0.0,0
2.732569074430887,0.5581552677153315,270.0,18667.0,0.49099608698077435,1.6912957728910794,0.0,39832.0,1.3172453982697825,0.0,0
2.7327632789553364,0.5581581563804214,271.0,18668.0,0.49118740284013396,1.691295772891079,0.0,39832.0,1.3172453982697825,0.0,0
2.7330511276523843,0.5582565930174047,272.0,18671.0,0.4913768149001982,1.6912957728910798,0.0,39832.0,1.3172453982697825,0.0,0
2.7338592305421336,0.5588771686866423,273.0,18685.0,0.49156434212071043,1.6912957728910791,0.0,39832.0,1.3172453982697825,0.0,0
2.7342149304379926,0.5590472074320322,274.0,18688.0,0.4917500032711791,1.6912957728910791,0.0,39832.0,1.3172453982697825,0.0,0
2.734431508186517,0.5590799715188138,275.0,18689.0,0.49193381693292204,1.6912957728910794,0.0,39832.0,1.3172453982697825,0.0,0
2.7347149132511994,0.559181392015344,276.0,18691.0,0.4921158015010745,1.6912957728910787,0.0,39832.0,1.3172453982697825,0.0,0
2.7351192738273276,0.5594055789059814,277.0,18698.0,0.4922959751865648,1.6912957728910798,0.0,39832.0,1.3172453982697825,0.0,0
2.7352976546588224,0.5594055789059814,278.0,18698.0,0.49247435601805944,1.6912957728910798,0.0,39832.0,1.3172453982697825,0.0,0
2.7363895568493977,0.5603208752707394,279.0,18719.0,0.4926509618438774,1.691295772891079,0.0,39832.0,1.3172453982697825,0.0,0
2.7367345952922846,0.5604910652236288,280.0,18722.0,0.49282581033387474,1.6912957728910794,0.0,39832.0,1.3172453982697825,0.0,0
2.7369764122305975,0.5605597735145107,281.0,18723.0,0.49299891898130516,1.6912957728910802,0.0,39832.0,1.3172453982697825,0.0,0
2.7374913941890484,0.5609033693496172,282.0,18728.0,0.49317030510464976,1.6912957728910794,0.0,39832.0,1.3172453982697825,0.0,0
2.737795413142939,0.5610377075587325,283.0,18731.0,0.4933399858494255,1.6912957728910794,0.0,39832.0,1.3172453982697825,0.0,0
2.73797832202392,0.5610526240991732,284.0,18732.0,0.493507978189966,1.691295772891079,0.0,39832.0,1.3172453982697825,0.0,0
2.7381655070634507,0.5610734883974882,285.0,18733.0,0.49367429893118103,1.69129577289108,0.0,39832.0,1.3172453982697825,0.0,0
2.73884529600922,0.5615886115641463,286.0,18746.0,0.49383896471029226,1.69129577289108,0.0,39832.0,1.3172453982697825,0.0,0
2.7390134908966717,0.5615937791633431,287.0,18747.0,0.4940019919985476,1.6912957728910796,0.0,39832.0,1.3172453982697825,0.0,0
2.7392436615881426,0.5616625447504492,288.0,18748.0,0.49416339710291224,1.691295772891079,0.0,39832.0,1.3172453982697825,0.0,0
2.7394148343120928,0.5616739184095692,289.0,18749.0,0.494323196167742,1.6912957728910798,0.0,39832.0,1.3172453982697825,0.0,0
2.73960586925345,0.5617067443422343,290.0,18750.0,0.4944814051764343,1.6912957728910796,0.0,39832.0,1.3172453982697825,0.0,0
2.7398729396455455,0.561817179957704,291.0,18755.0,0.4946380399530599,1.6912957728910798,0.0,39832.0,1.3172453982697825,0.0,0
2.7402098006274045,0.5619989647286475,292.0,18759.0,0.4947931161639758,1.691295772891079,0.0,39832.0,1.3172453982697825,0.0,0
2.7404470582511538,0.5620826891969527,293.0,18761.0,0.4949466493194198,1.6912957728910794,0.0,39832.0,1.3172453982697825,0.0,0
2.740736671181694,0.5622202966718267,294.0,18763.0,0.49509865477508636,1.691295772891079,0.0,39832.0,1.3172453982697825,0.0,0
2.7408871641402914,0.5622202966718267,295.0,18763.0,0.4952491477336836,1.691295772891079,0.0,39832.0,1.3172453982697825,0.0,0
2.741322652751702,0.5625067897704448,296.0,18770.0,0.4953981432464759,1.6912957728910791,0.0,39832.0,1.3172453982697825,0.0,0
2.7414815481505026,0.5625181722009152,297.0,18771.0,0.49554565621480595,1.691295772891079,0.0,39832.0,1.3172453982697825,0.0,0
2.7416275933272987,0.5625181722009152,298.0,18771.0,0.49569170139160246,1.6912957728910785,0.0,39832.0,1.3172453982697825,0.0,0
2.741772185318566,0.5625181722009152,299.0,18771.0,0.49583629338286966,1.6912957728910791,0.0,39832.0,1.3172453982697825,0.0,0
2.7425701853358166,0.5631730189518731,300.0,18784.0,0.4959794466491625,1.6912957728910794,0.0,39832.0,1.3172453982697825,0.0,0
2.742791819807141,0.5632529245653154,301.0,18790.0,0.49612117550704427,1.6912957728910798,0.0,39832.0,1.3172453982697825,0.0,0
2.7431387267511793,0.5634595128858678,302.0,18793.0,0.4962614941305301,1.6912957728910796,0.0,39832.0,1.3172453982697825,0.0,0
2.743282071600569,0.5634639353132728,303.0,18794.0,0.4964004165525151,1.691295772891079,0.0,39832.0,1.3172453982697825,0.0,0
2.7436231056505904,0.5636674292496249,304.0,18798.0,0.4965379566661846,1.6912957728910794,0.0,39832.0,1.3172453982697825,0.0,0
2.74375927721082,0.5636674292496249,305.0,18798.0,0.4966741282264136,1.6912957728910794,0.0,39832.0,1.3172453982697825,0.0,0
2.7439360091487197,0.5637093445627885,306.0,18800.0,0.49680894485114996,1.6912957728910796,0.0,39832.0,1.3172453982697825,0.0,0
2.744467586917704,0.5641074471601412,307.0,18809.0,0.49694242002278166,1.6912957728910794,0.0,39832.0,1.3172453982697825,0.0,0
2.7445997339844146,0.5641074471601412,308.0,18809.0,0.49707456708949205,1.6912957728910794,0.0,39832.0,1.3172453982697825,0.0,0
2.7447994720581304,0.5641763530567486,309.0,18810.0,0.49720539926660046,1.6912957728910796,0.0,39832.0,1.3172453982697825,0.0,0
2.7449618924302364,0.5642092430575676,310.0,18811.0,0.49733492963788745,1.691295772891079,0.0,39832.0,1.3172453982697825,0.0,0
2.7451590503959777,0.5642781595042867,311.0,18812.0,0.4974631711569097,1.6912957728910794,0.0,39832.0,1.3172453982697825,0.0,0
2.745354936349492,0.564347079966413,312.0,18813.0,0.4975901366482981,1.6912957728910794,0.0,39832.0,1.3172453982697825,0.0,0
2.745764621271259,0.5646310627274346,313.0,18819.0,0.4977158388090438,1.691295772891079,0.0,39832.0,1.3172453982697825,0.0,0
2.74609588271132,0.5648378727667662,314.0,18822.0,0.4978402902097724,1.6912957728910794,0.0,39832.0,1.3172453982697825,0.0,0
2.7462190957975507,0.5648378727667662,315.0,18822.0,0.49796350329600353,1.691295772891079,0.0,39832.0,1.3172453982697825,0.0,0
2.7464502690965316,0.564947058972353,316.0,18826.0,0.4980854903893974,1.6912957728910794,0.0,39832.0,1.3172453982697825,0.0,0
2.7467778989242393,0.565153915500467,317.0,18829.0,0.498206263688991,1.6912957728910791,0.0,39832.0,1.3172453982697825,0.0,0
2.7469242411685086,0.5651806861613082,318.0,18832.0,0.4983258352724192,1.6912957728910794,0.0,39832.0,1.3172453982697825,0.0,0
2.7475697290645065,0.5657077922326007,319.0,18841.0,0.4984442170971245,1.6912957728910791,0.0,39832.0,1.3172453982697825,0.0,0
2.747701902352892,0.5657227616165559,320.0,18842.0,0.4985614210015552,1.6912957728910791,0.0,39832.0,1.3172453982697825,0.0,0
2.7480756234918196,0.5659804450506877,321.0,18848.0,0.4986774587063508,1.691295772891079,0.0,39832.0,1.3172453982697825,0.0,0
2.7483823668441985,0.5661723052939021,322.0,18852.0,0.49879234181551524,1.691295772891079,0.0,39832.0,1.3172453982697825,0.0,0
2.748496106846262,0.5661723052939021,323.0,18852.0,0.4989060818175792,1.6912957728910787,0.0,39832.0,1.3172453982697825,0.0,0
2.7489687159381577,0.5665323061166273,324.0,18858.0,0.49901869008674954,1.6912957728910794,0.0,39832.0,1.3172453982697825,0.0,0
2.749640105714261,0.5670922080954318,325.0,18873.0,0.49913017788404834,1.6912957728910794,0.0,39832.0,1.3172453982697825,0.0,0
2.749750484188653,0.5670922080954318,326.0,18873.0,0.4992405563584401,1.6912957728910787,0.0,39832.0,1.3172453982697825,0.0,0
2.749865907923717,0.5670983516409889,327.0,18874.0,0.499349836547947,1.6912957728910794,0.0,39832.0,1.3172453982697825,0.0,0
2.7500280071626726,0.5671522580471369,328.0,18876.0,0.4994580293807547,1.691295772891079,0.0,39832.0,1.3172453982697825,0.0,0
2.750135123458222,0.5671522580471369,329.0,18876.0,0.4995651456763044,1.6912957728910785,0.0,39832.0,1.3172453982697825,0.0,0
2.750469267998529,0.5673803521173713,330.0,18880.0,0.49967119614637606,1.6912957728910802,0.0,39832.0,1.3172453982697825,0.0,0
2.7506433151846426,0.5674494040537004,331.0,18881.0,0.4997761913961612,1.6912957728910787,0.0,39832.0,1.3172453982697825,0.0,0
2.7509183431061794,0.5676204814460759,332.0,18884.0,0.49988014192532215,1.6912957728910794,0.0,39832.0,1.3172453982697825,0.0,0
2.7510542225584764,0.5676534446946501,333.0,18885.0,0.4999830581290446,1.6912957728910794,0.0,39832.0,1.3172453982697825,0.0,0
2.751156114728507,0.5676534446946501,334.0,18885.0,0.5000849502990756,1.6912957728910798,0.0,39832.0,1.3172453982697825,0.0,0
2.751721701668317,0.5681329279685211,335.0,18895.0,0.5001978649340547,1.6913382346864867,0.0,39831.0,1.3172453982697825,0.0,0
2.751821688923315,0.5681329279685211,336.0,18895.0,0.5002978521890529,1.6913382346864874,0.0,39831.0,1.3172453982697825,0.0,0
2.751946014687927,0.5681583352896914,337.0,18897.0,0.5003967706324945,1.6913382346864874,0.0,39831.0,1.3172453982697825,0.0,0
2.7520513272110487,0.5681657266279185,338.0,18898.0,0.5004946918173894,1.6913382346864863,0.0,39831.0,1.3172453982697825,0.0,0
2.7521556604451436,0.5681731184239457,339.0,18899.0,0.5005916332554566,1.691338234686487,0.0,39831.0,1.3172453982697825,0.0,0
2.7522516347362385,0.5681731184239457,340.0,18899.0,0.5006876075465514,1.6913382346864871,0.0,39831.0,1.3172453982697825,0.0,0
2.752379632650324,0.5682060984673419,341.0,18900.0,0.5007826254172413,1.6913382346864867,0.0,39831.0,1.3172453982697825,0.0,0
2.753359139001083,0.569091533396179,342.0,18920.0,0.5008766968391629,1.6913382346864874,0.0,39831.0,1.3172453982697825,0.0,0
2.7534522736035116,0.569091533396179,343.0,18920.0,0.5009698314415916,1.6913382346864865,0.0,39831.0,1.3172453982697825,0.0,0
2.7535444808262244,0.569091533396179,344.0,18920.0,0.5010620386643043,1.6913382346864871,0.0,39831.0,1.3172453982697825,0.0,0
2.7536507720852317,0.5691065355046386,345.0,18921.0,0.5011533278148519,1.6913382346864871,0.0,39831.0,1.3172453982697825,0.0,0
2.753789152684822,0.5691545358284671,346.0,18923.0,0.5012437080906138,1.691338234686487,0.0,39831.0,1.3172453982697825,0.0,0
2.753878633182064,0.5691545358284671,347.0,18923.0,0.5013331885878556,1.6913382346864878,0.0,39831.0,1.3172453982697825,0.0,0
2.7539672229001697,0.5691545358284671,348.0,18923.0,0.5014217783059609,1.6913382346864878,0.0,39831.0,1.3172453982697825,0.0,0
2.754064001983348,0.5691636070677538,349.0,18924.0,0.5015094861498532,1.691338234686487,0.0,39831.0,1.3172453982697825,0.0,0
2.754508011210934,0.5695207815134748,350.0,18930.0,0.5015963209317178,1.6913382346864878,0.0,39831.0,1.3172453982697825,0.0,0
2.754593981651647,0.5695207815134748,351.0,18930.0,0.5016822913724315,1.6913382346864865,0.0,39831.0,1.3172453982697825,0.0,0
2.754679096382075,0.5695207815134748,352.0,18930.0,0.5017674061028592,1.6913382346864865,0.0,39831.0,1.3172453982697825,0.0,0
2.7548508628597883,0.569608280428974,353.0,18933.0,0.501851673665073,1.691338234686487,0.0,39831.0,1.3172453982697825,0.0,0
2.7549342917082353,0.569608280428974,354.0,18933.0,0.5019351025135198,1.6913382346864878,0.0,39831.0,1.3172453982697825,0.0,0
2.755284305459434,0.5698756956775486,355.0,18940.0,0.5020177010161438,1.6913382346864871,0.0,39831.0,1.3172453982697825,0.0,0
2.755402090845907,0.56991170462469,356.0,18942.0,0.5020994774554753,1.6913382346864874,0.0,39831.0,1.3172453982697825,0.0,0
2.7555190634441877,0.5699477146487595,357.0,18944.0,0.5021804400296868,1.6913382346864878,0.0,39831.0,1.3172453982697825,0.0,0
2.755620219091466,0.5699687134721093,358.0,18945.0,0.5022605968536152,1.6913382346864878,0.0,39831.0,1.3172453982697825,0.0,0
2.7557897603056976,0.5700588955801951,359.0,18947.0,0.5023399559597609,1.6913382346864878,0.0,39831.0,1.3172453982697825,0.0,0
2.7558774068336866,0.570067972768688,360.0,18948.0,0.5024185252992571,1.691338234686487,0.0,39831.0,1.3172453982697825,0.0,0
2.756024383724032,0.5701371622154733,361.0,18949.0,0.5024963127428179,1.6913382346864867,0.0,39831.0,1.3172453982697825,0.0,0
2.7561013970628765,0.5701371622154733,362.0,18949.0,0.5025733260816622,1.6913382346864874,0.0,39831.0,1.3172453982697825,0.0,0
2.756246839719526,0.5702063579253688,363.0,18950.0,0.5026495730284157,1.6913382346864871,0.0,39831.0,1.3172453982697825,0.0,0
2.756322327909107,0.5702063579253688,364.0,18950.0,0.5027250612179972,1.691338234686487,0.0,39831.0,1.3172453982697825,0.0,0
2.7564631230557746,0.5702724160815523,365.0,18952.0,0.5027997982084812,1.6913382346864871,0.0,39831.0,1.3172453982697825,0.0,0
2.756638774160453,0.5703740739127647,366.0,18955.0,0.5028737914819474,1.6913382346864871,0.0,39831.0,1.3172453982697825,0.0,0
2.7567450640354303,0.5704071068243781,367.0,18956.0,0.5029470484453114,1.6913382346864867,0.0,39831.0,1.3172453982697825,0.0,0
2.757094446819702,0.5706839616228193,368.0,18960.0,0.5030195764311411,1.6913382346864874,0.0,39831.0,1.3172453982697825,0.0,0
2.7574160386726656,0.5709337472084666,369.0,18965.0,0.503091382698458,1.6913382346864867,0.0,39831.0,1.3172453982697825,0.0,0
2.7574871304077324,0.5709337472084666,370.0,18965.0,0.503162474433524,1.6913382346864871,0.0,39831.0,1.3172453982697825,0.0,0
2.7575575147248252,0.5709337472084666,371.0,18965.0,0.5032328587506177,1.6913382346864867,0.0,39831.0,1.3172453982697825,0.0,0
2.757627198667002,0.5709337472084666,372.0,18965.0,0.5033025426927941,1.6913382346864867,0.0,39831.0,1.3172453982697825,0.0,0
2.757717203690547,0.5709547616921691,373.0,18966.0,0.5033715332326365,1.6913382346864878,0.0,39831.0,1.3172453982697825,0.0,0
2.7578185534891166,0.5709878074503814,374.0,18967.0,0.5034398372729938,1.6913382346864871,0.0,39831.0,1.3172453982697825,0.0,0
2.7579554160582904,0.5710570456448402,375.0,18968.0,0.5035074616477093,1.6913382346864871,0.0,39831.0,1.3172453982697825,0.0,0
2.7580916095172876,0.5711262876292099,376.0,18969.0,0.5035744131223362,1.691338234686487,0.0,39831.0,1.3172453982697825,0.0,0
2.7581578947897984,0.5711262876292099,377.0,18969.0,0.5036406983948476,1.6913382346864871,0.0,39831.0,1.3172453982697825,0.0,0
2.7582927680997784,0.5711955352377067,378.0,18970.0,0.5037063240963305,1.691338234686487,0.0,39831.0,1.3172453982697825,0.0,0
2.7585865169588866,0.5714243114014678,379.0,18974.0,0.5037712967916772,1.6913382346864878,0.0,39831.0,1.3172453982697825,0.0,0
2.7586508431474717,0.5714243114014678,380.0,18974.0,0.5038356229802627,1.6913382346864874,0.0,39831.0,1.3172453982697825,0.0,0
2.7587837891157707,0.5714935712534143,381.0,18975.0,0.5038993090966151,1.6913382346864878,0.0,39831.0,1.3172453982697825,0.0,0
2.7588468415302345,0.5714935712534143,382.0,18975.0,0.5039623615110789,1.691338234686487,0.0,39831.0,1.3172453982697825,0.0,0
2.758909266549623,0.5714935712534143,383.0,18975.0,0.5040247865304678,1.6913382346864865,0.0,39831.0,1.3172453982697825,0.0,0
2.7589710704178656,0.5714935712534143,384.0,18975.0,0.5040865903987101,1.691338234686487,0.0,39831.0,1.3172453982697825,0.0,0
2.7590322593166445,0.5714935712534143,385.0,18975.0,0.504147779297489,1.6913382346864878,0.0,39831.0,1.3172453982697825,0.0,0
2.759092839366026,0.5714935712534143,386.0,18975.0,0.5042083593468706,1.6913382346864867,0.0,39831.0,1.3172453982697825,0.0,0
2.7591528166250843,0.5714935712534143,387.0,18975.0,0.5042683366059291,1.6913382346864867,0.0,39831.0,1.3172453982697825,0.0,0
2.759212197092518,0.5714935712534143,388.0,18975.0,0.5043277170733622,1.691338234686487,0.0,39831.0,1.3172453982697825,0.0,0
2.7595826968803494,0.5718052814265078,389.0,18982.0,0.5043865066881001,1.6913382346864878,0.0,39831.0,1.3172453982697825,0.0,0
2.759673969804341,0.5718383497086916,390.0,18983.0,0.504444711329908,1.6913382346864871,0.0,39831.0,1.3172453982697825,0.0,0
2.7598008813147072,0.5719076357289853,391.0,18984.0,0.5045023368199809,1.691338234686487,0.0,39831.0,1.3172453982697825,0.0,0
2.759857933416261,0.5719076357289853,392.0,18984.0,0.5045593889215342,1.691338234686488,0.0,39831.0,1.3172453982697825,0.0,0
2.7599144178351107,0.5719076357289853,393.0,18984.0,0.5046158733403842,1.6913382346864871,0.0,39831.0,1.3172453982697825,0.0,0
2.7599703402202524,0.5719076357289853,394.0,18984.0,0.5046717957255258,1.691338234686487,0.0,39831.0,1.3172453982697825,0.0,0
2.7600257061644284,0.5719076357289853,395.0,18984.0,0.5047271616697021,1.6913382346864871,0.0,39831.0,1.3172453982697825,0.0,0
2.7603907848825817,0.5722178994068728,396.0,18989.0,0.5047819767099675,1.6913382346864871,0.0,39831.0,1.3172453982697825,0.0,0
2.760616741554114,0.5723895864601259,397.0,18992.0,0.5048362463282465,1.6913382346864874,0.0,39831.0,1.3172453982697825,0.0,0
2.760739779570536,0.5724588948529094,398.0,18993.0,0.5048899759518852,1.691338234686488,0.0,39831.0,1.3172453982697825,0.0,0
2.760792974572848,0.5724588948529094,399.0,18993.0,0.5049431709541977,1.6913382346864871,0.0,39831.0,1.3172453982697825,0.0,0
2.7608456402736565,0.5724588948529094,400.0,18993.0,0.5049958366550059,1.691338234686487,0.0,39831.0,1.3172453982697825,0.0,0
2.7609068757827937,0.5724679886958774,401.0,18994.0,0.5050479783211751,1.6913382346864867,0.0,39831.0,1.3172453982697825,0.0,0
2.762574866998857,0.5740843570659732,402.0,19023.0,0.5050996011671425,1.6913382346864867,0.0,39831.0,1.3172453982697825,0.0,0
2.7626259761871568,0.5740843570659732,403.0,19023.0,0.5051507103554418,1.691338234686488,0.0,39831.0,1.3172453982697825,0.0,0
2.762709681332743,0.5741174615697815,404.0,19024.0,0.5052013109972203,1.6913382346864871,0.0,39831.0,1.3172453982697825,0.0,0
2.762759778488275,0.5741174615697815,405.0,19024.0,0.5052514081527523,1.6913382346864871,0.0,39831.0,1.3172453982697825,0.0,0
2.762809377167471,0.5741174615697815,406.0,19024.0,0.5053010068319482,1.6913382346864874,0.0,39831.0,1.3172453982697825,0.0,0
2.762858482330377,0.5741174615697815,407.0,19024.0,0.5053501119948542,1.6913382346864871,0.0,39831.0,1.3172453982697825,0.0,0
2.7632572795152295,0.5744676421973346,408.0,19030.0,0.5053987285521535,1.6913382346864878,0.0,39831.0,1.3172453982697825,0.0,0
2.7633054123287297,0.5744676421973346,409.0,19030.0,0.505446861365654,1.6913382346864871,0.0,39831.0,1.3172453982697825,0.0,0
2.763353066211856,0.5744676421973346,410.0,19030.0,0.5054945152487796,1.6913382346864878,0.0,39831.0,1.3172453982697825,0.0,0
2.7634002459301272,0.5744676421973346,411.0,19030.0,0.5055416949670511,1.6913382346864867,0.0,39831.0,1.3172453982697825,0.0,0
2.763549449260624,0.5745701352563201,412.0,19032.0,0.5055884052385632,1.6913382346864867,0.0,39831.0,1.3172453982697825,0.0,0
2.7636288100221864,0.5746032505219878,413.0,19033.0,0.5056346507344575,1.6913382346864874,0.0,39831.0,1.3172453982697825,0.0,0
2.7636745953671187,0.5746032505219878,414.0,19033.0,0.5056804360793903,1.6913382346864863,0.0,39831.0,1.3172453982697825,0.0,0
2.7637831070738192,0.5746664324560814,415.0,19036.0,0.5057257658519964,1.6913382346864871,0.0,39831.0,1.3172453982697825,0.0,0
2.7638279858071697,0.5746664324560814,416.0,19036.0,0.5057706445853473,1.6913382346864871,0.0,39831.0,1.3172453982697825,0.0,0
2.7638724179892264,0.5746664324560814,417.0,19036.0,0.5058150767674037,1.6913382346864874,0.0,39831.0,1.3172453982697825,0.0,0
2.76391640806329,0.5746664324560814,418.0,19036.0,0.5058590668414673,1.6913382346864871,0.0,39831.0,1.3172453982697825,0.0,0
2.763959960428446,0.5746664324560814,419.0,19036.0,0.5059026192066234,1.6913382346864871,0.0,39831.0,1.3172453982697825,0.0,0
2.7640724716630527,0.5747358246791286,420.0,19037.0,0.5059457382181828,1.6913382346864871,0.0,39831.0,1.3172453982697825,0.0,0
2.7641151616329855,0.5747358246791286,421.0,19037.0,0.505988428188116,1.6913382346864867,0.0,39831.0,1.3172453982697825,0.0,0
2.764892736330359,0.5754711341791313,422.0,19052.0,0.5060306933854866,1.6913382346864871,0.0,39831.0,1.3172453982697825,0.0,0
2.7651668528046627,0.5757034060020444,423.0,19059.0,0.5060725380368772,1.6913382346864867,0.0,39831.0,1.3172453982697825,0.0,0
2.765241415713549,0.5757365406209937,424.0,19060.0,0.5061139663268137,1.6913382346864878,0.0,39831.0,1.3172453982697825,0.0,0
2.7653518563546764,0.575805965190754,425.0,19061.0,0.5061549823981816,1.691338234686487,0.0,39831.0,1.3172453982697825,0.0,0
2.7653924643091377,0.575805965190754,426.0,19061.0,0.5061955903526427,1.6913382346864867,0.0,39831.0,1.3172453982697825,0.0,0
2.765498943555505,0.5758722405387172,427.0,19063.0,0.5062357942510459,1.6913382346864883,0.0,39831.0,1.3172453982697825,0.0,0
2.7655425929723436,0.5758760860927721,428.0,19064.0,0.5062755981138305,1.6913382346864874,0.0,39831.0,1.3172453982697825,0.0,0
2.7655820007799448,0.5758760860927721,429.0,19064.0,0.5063150059214317,1.6913382346864867,0.0,39831.0,1.3172453982697825,0.0,0
2.76562101647319,0.5758760860927721,430.0,19064.0,0.5063540216146769,1.6913382346864871,0.0,39831.0,1.3172453982697825,0.0,0
2.7658794365935604,0.5760958787326391,431.0,19068.0,0.5063926490951806,1.6913382346864867,0.0,39831.0,1.3172453982697825,0.0,0
2.7659176797241143,0.5760958787326391,432.0,19068.0,0.5064308922257339,1.691338234686487,0.0,39831.0,1.3172453982697825,0.0,0
2.7659555423290723,0.5760958787326391,433.0,19068.0,0.5064687548306921,1.6913382346864871,0.0,39831.0,1.3172453982697825,0.0,0
2.765993028194737,0.5760958787326391,434.0,19068.0,0.5065062406963567,1.691338234686487,0.0,39831.0,1.3172453982697825,0.0,0
2.766030141069734,0.5760958787326391,435.0,19068.0,0.5065433535713535,1.691338234686487,0.0,39831.0,1.3172453982697825,0.0,0
2.7660668846653893,0.5760958787326391,436.0,19068.0,0.5065800971670091,1.6913382346864865,0.0,39831.0,1.3172453982697825,0.0,0
2.766103262656101,0.5760958787326391,437.0,19068.0,0.5066164751577203,1.6913382346864878,0.0,39831.0,1.3172453982697825,0.0,0
2.766172424732994,0.5761290247859304,438.0,19069.0,0.5066524911813228,1.6913382346864871,0.0,39831.0,1.3172453982697825,0.0,0
2.7662080823911257,0.5761290247859304,439.0,19069.0,0.5066881488394539,1.6913382346864874,0.0,39831.0,1.3172453982697825,0.0,0
2.7663791308377466,0.5762647703740897,440.0,19072.0,0.5067234516979152,1.6913382346864878,0.0,39831.0,1.3172453982697825,0.0,0
2.7664140824268575,0.5762647703740897,441.0,19072.0,0.506758403287026,1.6913382346864874,0.0,39831.0,1.3172453982697825,0.0,0
2.7664818358436194,0.5762979199758996,442.0,19073.0,0.5067930071019784,1.6913382346864878,0.0,39831.0,1.3172453982697825,0.0,0
2.7667455490809614,0.5765273737120332,443.0,19077.0,0.506827266603187,1.6913382346864865,0.0,39831.0,1.3172453982697825,0.0,0
2.7668126214075066,0.576560527425132,444.0,19078.0,0.5068611852166334,1.691338234686487,0.0,39831.0,1.3172453982697825,0.0,0
2.7668462025250835,0.576560527425132,445.0,19078.0,0.5068947663342106,1.6913382346864871,0.0,39831.0,1.3172453982697825,0.0,0
2.766879449504934,0.576560527425132,446.0,19078.0,0.5069280133140609,1.691338234686487,0.0,39831.0,1.3172453982697825,0.0,0
2.766912365671786,0.576560527425132,447.0,19078.0,0.5069609294809126,1.6913382346864867,0.0,39831.0,1.3172453982697825,0.0,0
2.767035507111837,0.5766510802196828,448.0,19080.0,0.5069935181264125,1.6913382346864871,0.0,39831.0,1.3172453982697825,0.0,0
2.7670677714948777,0.5766510802196828,449.0,19080.0,0.5070257825094536,1.6913382346864867,0.0,39831.0,1.3172453982697825,0.0,0
2.767099714841928,0.5766510802196828,450.0,19080.0,0.5070577258565038,1.6913382346864878,0.0,39831.0,1.3172453982697825,0.0,0
2.7672119917299027,0.5767317316022355,451.0,19084.0,0.5070893513619255,1.6913382346864883,0.0,39831.0,1.3172453982697825,0.0,0
2.767243302556274,0.5767317316022355,452.0,19084.0,0.5071206621882971,1.6913382346864871,0.0,39831.0,1.3172453982697825,0.0,0
2.7675672813874113,0.577024711154941,453.0,19089.0,0.507151661466729,1.6913382346864878,0.0,39831.0,1.3172453982697825,0.0,0
2.7675979722178585,0.577024711154941,454.0,19089.0,0.5071823522971763,1.6913382346864871,0.0,39831.0,1.3172453982697825,0.0,0
2.767697841518716,0.5770941950042265,455.0,19090.0,0.5072127377487483,1.691338234686487,0.0,39831.0,1.3172453982697825,0.0,0
2.7677279246299844,0.5770941950042265,456.0,19090.0,0.5072428208600167,1.6913382346864871,0.0,39831.0,1.3172453982697825,0.0,0
2.767757708409287,0.5770941950042265,457.0,19090.0,0.5072726046393189,1.6913382346864878,0.0,39831.0,1.3172453982697825,0.0,0
2.7677871958350257,0.5770941950042265,458.0,19090.0,0.5073020920650582,1.6913382346864871,0.0,39831.0,1.3172453982697825,0.0,0
2.76781638985597,0.5770941950042265,459.0,19090.0,0.5073312860860022,1.6913382346864865,0.0,39831.0,1.3172453982697825,0.0,0
2.7678452933915465,0.5770941950042265,460.0,19090.0,0.5073601896215787,1.6913382346864874,0.0,39831.0,1.3172453982697825,0.0,0
2.7678739093321334,0.5770941950042265,461.0,19090.0,0.5073888055621654,1.6913382346864871,0.0,39831.0,1.3172453982697825,0.0,0
2.7679022405393487,0.5770941950042265,462.0,19090.0,0.507417136769381,1.6913382346864871,0.0,39831.0,1.3172453982697825,0.0,0
2.767930289846338,0.5770941950042265,463.0,19090.0,0.5074451860763706,1.6913382346864865,0.0,39831.0,1.3172453982697825,0.0,0
2.7679580600580564,0.5770941950042265,464.0,19090.0,0.507472956288088,1.6913382346864874,0.0,39831.0,1.3172453982697825,0.0,0
2.768055047187428,0.577163688240108,465.0,19091.0,0.507500450181579,1.6913382346864871,0.0,39831.0,1.3172453982697825,0.0,0
2.7680822675121046,0.577163688240108,466.0,19091.0,0.507527670506255,1.6913382346864878,0.0,39831.0,1.3172453982697825,0.0,0
2.768109216990022,0.577163688240108,467.0,19091.0,0.5075546199841728,1.6913382346864871,0.0,39831.0,1.3172453982697825,0.0,0
2.768169068234811,0.5771968581587682,468.0,19092.0,0.507581301310302,1.691338234686487,0.0,39831.0,1.3172453982697825,0.0,0
2.768195484077307,0.5771968581587682,469.0,19092.0,0.5076077171527977,1.6913382346864871,0.0,39831.0,1.3172453982697825,0.0,0
2.7682307551049714,0.5772059761859631,470.0,19093.0,0.507633870153267,1.6913382346864871,0.0,39831.0,1.3172453982697825,0.0,0
2.768359319775058,0.5773086480822847,471.0,19095.0,0.5076597629270319,1.6913382346864871,0.0,39831.0,1.3172453982697825,0.0,0
2.7683849549114172,0.5773086480822847,472.0,19095.0,0.5076853980633912,1.6913382346864878,0.0,39831.0,1.3172453982697825,0.0,0
2.768410334973906,0.5773086480822847,473.0,19095.0,0.5077107781258802,1.6913382346864871,0.0,39831.0,1.3172453982697825,0.0,0
2.7684354625005527,0.5773086480822847,474.0,19095.0,0.5077359056525265,1.6913382346864871,0.0,39831.0,1.3172453982697825,0.0,0
2.76846034000413,0.5773086480822847,475.0,19095.0,0.5077607831561038,1.6913382346864871,0.0,39831.0,1.3172453982697825,0.0,0
2.76848496997241,0.5773086480822847,476.0,19095.0,0.5077854131243835,1.6913382346864871,0.0,39831.0,1.3172453982697825,0.0,0
2.768509354868409,0.5773086480822847,477.0,19095.0,0.5078097980203832,1.6913382346864871,0.0,39831.0,1.3172453982697825,0.0,0
2.7686725100360343,0.5774476609876811,478.0,19097.0,0.5078339402826125,1.6913382346864863,0.0,39831.0,1.3172453982697825,0.0,0
2.7686964120787403,0.5774476609876811,479.0,19097.0,0.5078578423253182,1.6913382346864871,0.0,39831.0,1.3172453982697825,0.0,0
2.768720076292147,0.5774476609876811,480.0,19097.0,0.5078815065387244,1.6913382346864874,0.0,39831.0,1.3172453982697825,0.0,0
2.768743505042694,0.5774476609876811,481.0,19097.0,0.507904935289272,1.6913382346864871,0.0,39831.0,1.3172453982697825,0.0,0
2.7687667006732783,0.5774476609876811,482.0,19097.0,0.5079281309198562,1.691338234686487,0.0,39831.0,1.3172453982697825,0.0,0
2.7687896655034816,0.5774476609876811,483.0,19097.0,0.507951095750059,1.6913382346864878,0.0,39831.0,1.3172453982697825,0.0,0
2.769038890680553,0.5776741498384289,484.0,19102.0,0.5079738320763831,1.6913382346864871,0.0,39831.0,1.3172453982697825,0.0,0
2.7690614007766494,0.5776741498384289,485.0,19102.0,0.5079963421724797,1.6913382346864867,0.0,39831.0,1.3172453982697825,0.0,0
2.769083686893547,0.5776741498384289,486.0,19102.0,0.5080186282893775,1.6913382346864871,0.0,39831.0,1.3172453982697825,0.0,0
2.7691057512598767,0.5776741498384289,487.0,19102.0,0.5080406926557065,1.6913382346864874,0.0,39831.0,1.3172453982697825,0.0,0
2.769127596082092,0.5776741498384289,488.0,19102.0,0.508062537477922,1.6913382346864865,0.0,39831.0,1.3172453982697825,0.0,0
2.7692232100641347,0.5777481363578691,489.0,19104.0,0.5080841649405246,1.691338234686487,0.0,39831.0,1.3172453982697825,0.0,0
2.769244622329888,0.5777481363578691,490.0,19104.0,0.5081055772062781,1.6913382346864867,0.0,39831.0,1.3172453982697825,0.0,0
2.7692658215400376,0.5777481363578691,491.0,19104.0,0.5081267764164276,1.691338234686487,0.0,39831.0,1.3172453982697825,0.0,0
2.7701967070639766,0.578658033607324,492.0,19119.0,0.5081477646909115,1.6913382346864871,0.0,39831.0,1.3172453982697825,0.0,0
2.7702506815401615,0.5786912286458462,493.0,19120.0,0.5081685441285744,1.6913382346864874,0.0,39831.0,1.3172453982697825,0.0,0
2.7702712542189647,0.5786912286458462,494.0,19120.0,0.5081891168073778,1.6913382346864865,0.0,39831.0,1.3172453982697825,0.0,0
2.770291622196194,0.5786912286458462,495.0,19120.0,0.508209484784607,1.6913382346864867,0.0,39831.0,1.3172453982697825,0.0,0
2.770381338798547,0.5787607799357293,496.0,19121.0,0.5082296500970761,1.6913382346864871,0.0,39831.0,1.3172453982697825,0.0,0
2.7704013034628043,0.5787607799357293,497.0,19121.0,0.5082496147613338,1.6913382346864878,0.0,39831.0,1.3172453982697825,0.0,0
2.770421069475333,0.5787607799357293,498.0,19121.0,0.5082693807738625,1.6913382346864867,0.0,39831.0,1.3172453982697825,0.0,0
2.7704406388127514,0.5787607799357293,499.0,19121.0,0.5082889501112807,1.6913382346864874,0.0,39831.0,1.3172453982697825,0.0,0
2.7704600134320083,0.5787607799357293,500.0,19121.0,0.5083083247305379,1.691338234686487,0.0,39831.0,1.3172453982697825,0.0,0
2.770479195270583,0.5787607799357293,501.0,19121.0,0.5083275065691125,1.691338234686488,0.0,39831.0,1.3172453982697825,0.0,0
2.770498186246674,0.5787607799357293,502.0,19121.0,0.5083464975452039,1.6913382346864871,0.0,39831.0,1.3172453982697825,0.0,0
2.7705169882593963,0.5787607799357293,503.0,19121.0,0.508365299557926,1.6913382346864867,0.0,39831.0,1.3172453982697825,0.0,0
2.7705506976837895,0.5787758744305525,504.0,19122.0,0.5083839144874954,1.6913382346864878,0.0,39831.0,1.3172453982697825,0.0,0
2.7705691273917146,0.5787758744305525,505.0,19122.0,0.5084023441954211,1.6913382346864871,0.0,39831.0,1.3172453982697825,0.0,0
2.770587373720983,0.5787758744305525,506.0,19122.0,0.5084205905246889,1.6913382346864878,0.0,39831.0,1.3172453982697825,0.0,0
2.7706054384962404,0.5787758744305525,507.0,19122.0,0.5084386552999468,1.6913382346864878,0.0,39831.0,1.3172453982697825,0.0,0
2.770692882906555,0.5788454338131266,508.0,19123.0,0.5084565403276875,1.6913382346864867,0.0,39831.0,1.3172453982697825,0.0,0
2.770791655678881,0.5789264995167113,509.0,19125.0,0.5084742473964285,1.6913382346864867,0.0,39831.0,1.3172453982697825,0.0,0
2.770830301298585,0.5789476142559516,510.0,19126.0,0.5084917782768922,1.691338234686487,0.0,39831.0,1.3172453982697825,0.0,0
2.7708476577438734,0.5789476142559516,511.0,19126.0,0.5085091347221804,1.6913382346864874,0.0,39831.0,1.3172453982697825,0.0,0
2.771212450942787,0.5792952237090925,512.0,19133.0,0.5085263184679528,1.6913382346864874,0.0,39831.0,1.3172453982697825,0.0,0
2.7712294637074315,0.5792952237090925,513.0,19133.0,0.5085433312325975,1.6913382346864878,0.0,39831.0,1.3172453982697825,0.0,0
2.7712463071922397,0.5792952237090925,514.0,19133.0,0.5085601747174059,1.6913382346864874,0.0,39831.0,1.3172453982697825,0.0,0
2.7712629830815736,0.5792952237090925,515.0,19133.0,0.5085768506067397,1.6913382346864867,0.0,39831.0,1.3172453982697825,0.0,0
2.7712794930430364,0.5792952237090925,516.0,19133.0,0.5085933605682027,1.6913382346864871,0.0,39831.0,1.3172453982697825,0.0,0
2.771295838727638,0.5792952237090925,517.0,19133.0,0.5086097062528041,1.691338234686487,0.0,39831.0,1.3172453982697825,0.0,0
2.7713120217699605,0.5792952237090925,518.0,19133.0,0.5086258892951264,1.6913382346864878,0.0,39831.0,1.3172453982697825,0.0,0
2.7713280437883205,0.5792952237090925,519.0,19133.0,0.508641911313487,1.6913382346864871,0.0,39831.0,1.3172453982697825,0.0,0
2.771343906384935,0.5792952237090925,520.0,19133.0,0.5086577739101013,1.6913382346864871,0.0,39831.0,1.3172453982697825,0.0,0
2.771392819760949,0.5793284323239656,521.0,19134.0,0.5086734786712421,1.6913382346864874,0.0,39831.0,1.3172453982697825,0.0,0
2.7714083682571053,0.5793284323239656,522.0,19134.0,0.5086890271673983,1.6913382346864878,0.0,39831.0,1.3172453982697825,0.0,0
2.77142376204314,0.5793284323239656,523.0,19134.0,0.5087044209534335,1.691338234686487,0.0,39831.0,1.3172453982697825,0.0,0
2.7714390026584446,0.5793284323239656,524.0,19134.0,0.5087196615687377,1.6913382346864871,0.0,39831.0,1.3172453982697825,0.0,0
2.771523671602825,0.5793980122996976,525.0,19135.0,0.5087347505373859,1.6913382346864871,0.0,39831.0,1.3172453982697825,0.0,0
2.7715386104337267,0.5793980122996976,526.0,19135.0,0.5087496893682878,1.6913382346864867,0.0,39831.0,1.3172453982697825,0.0,0
2.771553400620778,0.5793980122996976,527.0,19135.0,0.5087644795553387,1.6913382346864878,0.0,39831.0,1.3172453982697825,0.0,0
2.771568043643008,0.5793980122996976,528.0,19135.0,0.5087791225775693,1.6913382346864871,0.0,39831.0,1.3172453982697825,0.0,0
2.7715825409647334,0.5793980122996976,529.0,19135.0,0.5087936198992944,1.6913382346864871,0.0,39831.0,1.3172453982697825,0.0,0
2.7715968940356968,0.5793980122996976,530.0,19135.0,0.508807972970258,1.691338234686487,0.0,39831.0,1.3172453982697825,0.0,0
2.771611104291219,0.5793980122996976,531.0,19135.0,0.5088221832257792,1.6913382346864871,0.0,39831.0,1.3172453982697825,0.0,0
2.771625173152335,0.5793980122996976,532.0,19135.0,0.508836252086896,1.6913382346864874,0.0,39831.0,1.3172453982697825,0.0,0
2.771639102025944,0.5793980122996976,533.0,19135.0,0.5088501809605052,1.6913382346864867,0.0,39831.0,1.3172453982697825,0.0,0
2.7716528923049455,0.5793980122996976,534.0,19135.0,0.5088639712395067,1.691338234686487,0.0,39831.0,1.3172453982697825,0.0,0
2.7716997576923483,0.5794312246236684,535.0,19136.0,0.5088776243029391,1.6913382346864871,0.0,39831.0,1.3172453982697825,0.0,0
2.7717132749055304,0.5794312246236684,536.0,19136.0,0.5088911415161207,1.6913382346864878,0.0,39831.0,1.3172453982697825,0.0,0
2.7717991745563544,0.5795037415598296,537.0,19138.0,0.508904524230784,1.6913382346864863,0.0,39831.0,1.3172453982697825,0.0,0
2.772018032755871,0.5797093502049184,538.0,19142.0,0.5089177737852112,1.691338234686487,0.0,39831.0,1.3172453982697825,0.0,0
2.7720311504750295,0.5797093502049184,539.0,19142.0,0.5089308915043694,1.6913382346864883,0.0,39831.0,1.3172453982697825,0.0,0
2.772044137670701,0.5797093502049184,540.0,19142.0,0.5089438787000411,1.691338234686487,0.0,39831.0,1.3172453982697825,0.0,0
2.7720569956416163,0.5797093502049184,541.0,19142.0,0.5089567366709566,1.6913382346864878,0.0,39831.0,1.3172453982697825,0.0,0
2.7720697256735836,0.5797093502049184,542.0,19142.0,0.5089694667029241,1.691338234686487,0.0,39831.0,1.3172453982697825,0.0,0
2.7720823290396166,0.5797093502049184,543.0,19142.0,0.508982070068957,1.6913382346864871,0.0,39831.0,1.3172453982697825,0.0,0
2.7720948070000615,0.5797093502049184,544.0,19142.0,0.5089945480294025,1.6913382346864867,0.0,39831.0,1.3172453982697825,0.0,0
2.772107160802727,0.5797093502049184,545.0,19142.0,0.5090069018320672,1.6913382346864871,0.0,39831.0,1.3172453982697825,0.0,0
2.7721193916830007,0.5797093502049184,546.0,19142.0,0.5090191327123412,1.6913382346864867,0.0,39831.0,1.3172453982697825,0.0,0
2.7721389463922557,0.5797167957331911,547.0,19143.0,0.5090312418933234,1.6913382346864871,0.0,39831.0,1.3172453982697825,0.0,0
2.772150935084874,0.5797167957331911,548.0,19143.0,0.5090432305859416,1.6913382346864867,0.0,39831.0,1.3172453982697825,0.0,0
2.7721628044880076,0.5797167957331911,549.0,19143.0,0.509055099989075,1.691338234686487,0.0,39831.0,1.3172453982697825,0.0,0
2.772174555788606,0.5797167957331911,550.0,19143.0,0.5090668512896742,1.6913382346864867,0.0,39831.0,1.3172453982697825,0.0,0
2.772186190161811,0.5797167957331911,551.0,19143.0,0.5090784856628786,1.6913382346864874,0.0,39831.0,1.3172453982697825,0.0,0
2.772199707146878,0.5797339273084168,552.0,19144.0,0.5091022073492528,1.6913806986140456,0.0,39830.0,1.3172453982697825,0.0,0
2.772211220667476,0.5797339273084168,553.0,19144.0,0.5091137208698501,1.6913806986140465,0.0,39830.0,1.3172453982697825,0.0,0
2.7722225469254043,0.5797339273084168,554.0,19144.0,0.5091250471277787,1.6913806986140456,0.0,39830.0,1.3172453982697825,0.0,0
2.772233747675685,0.5797339273084168,555.0,19144.0,0.509136247878059,1.6913806986140465,0.0,39830.0,1.3172453982697825,0.0,0
2.77224483163234,0.5797339273084168,556.0,19144.0,0.5091473318347144,1.6913806986140465,0.0,39830.0,1.3172453982697825,0.0,0
2.7724646096645547,0.5799427342096547,557.0,19147.0,0.509158302965691,1.6913806986140463,0.0,39830.0,1.3172453982697825,0.0,0
2.772475470179167,0.5799427342096547,558.0,19147.0,0.5091691634803032,1.6913806986140463,0.0,39830.0,1.3172453982697825,0.0,0
2.772486221627121,0.5799427342096547,559.0,19147.0,0.5091799149282565,1.6913806986140465,0.0,39830.0,1.3172453982697825,0.0,0
2.772496865303443,0.5799427342096547,560.0,19147.0,0.5091905586045794,1.691380698614046,0.0,39830.0,1.3172453982697825,0.0,0
2.7725074023980145,0.5799427342096547,561.0,19147.0,0.5092010956991506,1.6913806986140465,0.0,39830.0,1.3172453982697825,0.0,0
2.772517834051092,0.5799427342096547,562.0,19147.0,0.5092115273522279,1.6913806986140463,0.0,39830.0,1.3172453982697825,0.0,0
2.7725281613742134,0.5799427342096547,563.0,19147.0,0.5092218546753499,1.6913806986140456,0.0,39830.0,1.3172453982697825,0.0,0
2.7725383854583234,0.5799427342096547,564.0,19147.0,0.5092320787594595,1.6913806986140465,0.0,39830.0,1.3172453982697825,0.0,0
2.7725485073771554,0.5799427342096547,565.0,19147.0,0.509242200678292,1.6913806986140465,0.0,39830.0,1.3172453982697825,0.0,0
2.7725585281888505,0.5799427342096547,566.0,19147.0,0.5092522214899866,1.6913806986140463,0.0,39830.0,1.3172453982697825,0.0,0
2.7725684489368834,0.5799427342096547,567.0,19147.0,0.509262142238019,1.6913806986140472,0.0,39830.0,1.3172453982697825,0.0,0
2.7725782706507163,0.5799427342096547,568.0,19147.0,0.5092719639518527,1.6913806986140458,0.0,39830.0,1.3172453982697825,0.0,0
2.77258799434633,0.5799427342096547,569.0,19147.0,0.5092816876474662,1.691380698614046,0.0,39830.0,1.3172453982697825,0.0,0
2.772597621026674,0.5799427342096547,570.0,19147.0,0.5092913143278096,1.6913806986140465,0.0,39830.0,1.3172453982697825,0.0,0
2.7726071516820845,0.5799427342096547,571.0,19147.0,0.50930084498322,1.691380698614047,0.0,39830.0,1.3172453982697825,0.0,0
2.772616587290662,0.5799427342096547,572.0,19147.0,0.509310280591798,1.6913806986140465,0.0,39830.0,1.3172453982697825,0.0,0
2.7726259288186204,0.5799427342096547,573.0,19147.0,0.5093196221197565,1.691380698614046,0.0,39830.0,1.3172453982697825,0.0,0
2.7726351772206104,0.5799427342096547,574.0,19147.0,0.5093288705217464,1.691380698614047,0.0,39830.0,1.3172453982697825,0.0,0
2.7728167850101384,0.5801151857797738,575.0,19150.0,0.5093380267411551,1.6913806986140465,0.0,39830.0,1.3172453982697825,0.0,0
2.7728258499793705,0.5801151857797738,576.0,19150.0,0.5093470917103878,1.6913806986140465,0.0,39830.0,1.3172453982697825,0.0,0
2.7728348246201113,0.5801151857797738,577.0,19150.0,0.5093560663511282,1.6913806986140465,0.0,39830.0,1.3172453982697825,0.0,0
2.7728437098435657,0.5801151857797738,578.0,19150.0,0.5093649515745823,1.6913806986140463,0.0,39830.0,1.3172453982697825,0.0,0
2.7728525065506906,0.5801151857797738,579.0,19150.0,0.5093737482817078,1.691380698614046,0.0,39830.0,1.3172453982697825,0.0,0
2.7728612156324104,0.5801151857797738,580.0,19150.0,0.5093824573634274,1.6913806986140465,0.0,39830.0,1.3172453982697825,0.0,0
2.7728698379698145,0.5801151857797738,581.0,19150.0,0.5093910797008314,1.6913806986140463,0.0,39830.0,1.3172453982697825,0.0,0
2.7728783744343506,0.5801151857797738,582.0,19150.0,0.5093996161653677,1.6913806986140467,0.0,39830.0,1.3172453982697825,0.0,0
2.772886825888002,0.5801151857797738,583.0,19150.0,0.5094080676190195,1.6913806986140465,0.0,39830.0,1.3172453982697825,0.0,0
2.772895193183461,0.5801151857797738,584.0,19150.0,0.5094164349144779,1.691380698614046,0.0,39830.0,1.3172453982697825,0.0,0
2.7729034771642818,0.5801151857797738,585.0,19150.0,0.509424718895299,1.691380698614046,0.0,39830.0,1.3172453982697825,0.0,0
2.772911678665043,0.5801151857797738,586.0,19150.0,0.5094329203960597,1.6913806986140474,0.0,39830.0,1.3172453982697825,0.0,0
2.772923654445183,0.580119041713473,587.0,19151.0,0.5094410402425007,1.6913806986140465,0.0,39830.0,1.3172453982697825,0.0,0
2.772931693454348,0.580119041713473,588.0,19151.0,0.509449079251666,1.6913806986140465,0.0,39830.0,1.3172453982697825,0.0,0
2.7730304033695985,0.5802097926483534,589.0,19153.0,0.5094570382320358,1.6913806986140463,0.0,39830.0,1.3172453982697825,0.0,0
2.7730382831212137,0.5802097926483534,590.0,19153.0,0.5094649179836509,1.691380698614047,0.0,39830.0,1.3172453982697825,0.0,0
2.7730460844357983,0.5802097926483534,591.0,19153.0,0.5094727192982361,1.691380698614046,0.0,39830.0,1.3172453982697825,0.0,0
2.773053808096879,0.5802097926483534,592.0,19153.0,0.5094804429593166,1.6913806986140465,0.0,39830.0,1.3172453982697825,0.0,0
2.7730614548798913,0.5802097926483534,593.0,19153.0,0.5094880897423294,1.691380698614046,0.0,39830.0,1.3172453982697825,0.0,0
2.7730690255522945,0.5802097926483534,594.0,19153.0,0.509495660414732,1.691380698614047,0.0,39830.0,1.3172453982697825,0.0,0
2.77307652087367,0.5802097926483534,595.0,19153.0,0.5095031557361074,1.6913806986140465,0.0,39830.0,1.3172453982697825,0.0,0
2.773083941595827,0.5802097926483534,596.0,19153.0,0.5095105764582641,1.6913806986140465,0.0,39830.0,1.3172453982697825,0.0,0
2.773091288462897,0.5802097926483534,597.0,19153.0,0.509517923325335,1.691380698614046,0.0,39830.0,1.3172453982697825,0.0,0
2.773098562211434,0.5802097926483534,598.0,19153.0,0.509525197073871,1.691380698614047,0.0,39830.0,1.3172453982697825,0.0,0
2.773105763570498,0.5802097926483534,599.0,19153.0,0.5095323984329356,1.691380698614046,0.0,39830.0,1.3172453982697825,0.0,0
2.7731128932617555,0.5802097926483534,600.0,19153.0,0.5095395281241926,1.691380698614047,0.0,39830.0,1.3172453982697825,0.0,0
2.773119951999556,0.5802097926483534,601.0,19153.0,0.5095465868619935,1.691380698614046,0.0,39830.0,1.3172453982697825,0.0,0
2.773126940491027,0.5802097926483534,602.0,19153.0,0.5095535753534645,1.6913806986140465,0.0,39830.0,1.3172453982697825,0.0,0
2.7731338594361494,0.5802097926483534,603.0,19153.0,0.5095604942985875,1.6913806986140454,0.0,39830.0,1.3172453982697825,0.0,0
2.7731407095278455,0.5802097926483534,604.0,19153.0,0.5095673443902833,1.691380698614046,0.0,39830.0,1.3172453982697825,0.0,0
2.773147491452052,0.5802097926483534,605.0,19153.0,0.5095741263144895,1.691380698614046,0.0,39830.0,1.3172453982697825,0.0,0
2.7731542058878023,0.5802097926483534,606.0,19153.0,0.5095808407502396,1.691380698614047,0.0,39830.0,1.3172453982697825,0.0,0
2.7731608535073007,0.5802097926483534,607.0,19153.0,0.5095874883697388,1.6913806986140456,0.0,39830.0,1.3172453982697825,0.0,0
2.7731674349759996,0.5802097926483534,608.0,19153.0,0.5095940698384374,1.6913806986140456,0.0,39830.0,1.3172453982697825,0.0,0
2.77317395095267,0.5802097926483534,609.0,19153.0,0.5096005858151075,1.6913806986140465,0.0,39830.0,1.3172453982697825,0.0,0
2.773180402089474,0.5802097926483534,610.0,19153.0,0.5096070369519116,1.691380698614046,0.0,39830.0,1.3172453982697825,0.0,0
2.7731867890320374,0.5802097926483534,611.0,19153.0,0.5096134238944753,1.6913806986140456,0.0,39830.0,1.3172453982697825,0.0,0
2.773193112419519,0.5802097926483534,612.0,19153.0,0.5096197472819566,1.6913806986140456,0.0,39830.0,1.3172453982697825,0.0,0
2.773199372884677,0.5802097926483534,613.0,19153.0,0.5096260077471145,1.691380698614046,0.0,39830.0,1.3172453982697825,0.0,0
2.7732055710539387,0.5802097926483534,614.0,19153.0,0.5096322059163759,1.6913806986140465,0.0,39830.0,1.3172453982697825,0.0,0
2.7732117075474654,0.5802097926483534,615.0,19153.0,0.5096383424099022,1.6913806986140472,0.0,39830.0,1.3172453982697825,0.0,0
2.773217782979218,0.5802097926483534,616.0,19153.0,0.5096444178416555,1.6913806986140463,0.0,39830.0,1.3172453982697825,0.0,0
2.773293424455201,0.5802794191465301,617.0,19154.0,0.5096504328194617,1.6913806986140463,0.0,39830.0,1.3172453982697825,0.0,0
2.773299379580815,0.5802794191465301,618.0,19154.0,0.5096563879450754,1.691380698614047,0.0,39830.0,1.3172453982697825,0.0,0
2.7733052754499807,0.5802794191465301,619.0,19154.0,0.5096622838142415,1.6913806986140463,0.0,39830.0,1.3172453982697825,0.0,0
2.773311112652497,0.5802794191465301,620.0,19154.0,0.509668121016758,1.691380698614046,0.0,39830.0,1.3172453982697825,0.0,0
2.7733168917722755,0.5802794191465301,621.0,19154.0,0.5096739001365365,1.691380698614046,0.0,39830.0,1.3172453982697825,0.0,0
2.7733226133874007,0.5802794191465301,622.0,19154.0,0.5096796217516621,1.6913806986140456,0.0,39830.0,1.3172453982697825,0.0,0
2.773328278070193,0.5802794191465301,623.0,19154.0,0.5096852864344538,1.6913806986140465,0.0,39830.0,1.3172453982697825,0.0,0
2.7734186260821314,0.580364158841399,624.0,19156.0,0.5096908947515226,1.691380698614047,0.0,39830.0,1.3172453982697825,0.0,0
2.7734241785944382,0.580364158841399,625.0,19156.0,0.5096964472638298,1.6913806986140467,0.0,39830.0,1.3172453982697825,0.0,0
2.773429675857353,0.580364158841399,626.0,19156.0,0.5097019445267447,1.691380698614047,0.0,39830.0,1.3172453982697825,0.0,0
2.773435118420708,0.580364158841399,627.0,19156.0,0.5097073870900999,1.691380698614046,0.0,39830.0,1.3172453982697825,0.0,0
2.7734405068288566,0.580364158841399,628.0,19156.0,0.5097127754982487,1.691380698614046,0.0,39830.0,1.3172453982697825,0.0,0
2.773445841620729,0.580364158841399,629.0,19156.0,0.5097181102901207,1.6913806986140465,0.0,39830.0,1.3172453982697825,0.0,0
2.7734511233298833,0.580364158841399,630.0,19156.0,0.5097233919992753,1.6913806986140465,0.0,39830.0,1.3172453982697825,0.0,0
2.7734563524845637,0.580364158841399,631.0,19156.0,0.5097286211539557,1.691380698614046,0.0,39830.0,1.3172453982697825,0.0,0
2.7734615296077525,0.580364158841399,632.0,19156.0,0.5097337982771444,1.6913806986140465,0.0,39830.0,1.3172453982697825,0.0,0
2.7734666552172222,0.580364158841399,633.0,19156.0,0.5097389238866137,1.6913806986140463,0.0,39830.0,1.3172453982697825,0.0,0
2.773471729825588,0.580364158841399,634.0,19156.0,0.5097439984949803,1.6913806986140465,0.0,39830.0,1.3172453982697825,0.0,0
2.7734767539403626,0.580364158841399,635.0,19156.0,0.5097490226097544,1.6913806986140465,0.0,39830.0,1.3172453982697825,0.0,0
2.773481728064002,0.580364158841399,636.0,19156.0,0.5097539967333937,1.6913806986140467,0.0,39830.0,1.3172453982697825,0.0,0
2.7734866526939603,0.580364158841399,637.0,19156.0,0.5097589213633524,1.6913806986140467,0.0,39830.0,1.3172453982697825,0.0,0
2.7734915283227397,0.580364158841399,638.0,19156.0,0.5097637969921313,1.6913806986140467,0.0,39830.0,1.3172453982697825,0.0,0
2.7734963554379366,0.580364158841399,639.0,19156.0,0.5097686241073286,1.6913806986140465,0.0,39830.0,1.3172453982697825,0.0,0
2.773501134522295,0.580364158841399,640.0,19156.0,0.5097734031916873,1.6913806986140463,0.0,39830.0,1.3172453982697825,0.0,0
2.7735058660537533,0.580364158841399,641.0,19156.0,0.5097781347231453,1.6913806986140467,0.0,39830.0,1.3172453982697825,0.0,0
2.77351055050549,0.580364158841399,642.0,19156.0,0.5097828191748821,1.6913806986140465,0.0,39830.0,1.3172453982697825,0.0,0
2.7735151883459768,0.580364158841399,643.0,19156.0,0.5097874570153679,1.6913806986140474,0.0,39830.0,1.3172453982697825,0.0,0
2.7735197800390172,0.580364158841399,644.0,19156.0,0.5097920487084093,1.691380698614046,0.0,39830.0,1.3172453982697825,0.0,0
2.773524326043804,0.580364158841399,645.0,19156.0,0.5097965947131962,1.6913806986140458,0.0,39830.0,1.3172453982697825,0.0,0
2.7735288268149563,0.580364158841399,646.0,19156.0,0.5098010954843479,1.6913806986140465,0.0,39830.0,1.3172453982697825,0.0,0
2.7735332828025676,0.580364158841399,647.0,19156.0,0.5098055514719597,1.691380698614046,0.0,39830.0,1.3172453982697825,0.0,0
2.7735468302726374,0.5803732946617823,648.0,19157.0,0.5098099631216458,1.691380698614046,0.0,39830.0,1.3172453982697825,0.0,0
2.7735511980255785,0.5803732946617823,649.0,19157.0,0.5098143308745867,1.6913806986140465,0.0,39830.0,1.3172453982697825,0.0,0
2.773555522318563,0.5803732946617823,650.0,19157.0,0.5098186551675717,1.691380698614046,0.0,39830.0,1.3172453982697825,0.0,0
2.7735598035840345,0.5803732946617823,651.0,19157.0,0.5098229364330427,1.6913806986140465,0.0,39830.0,1.3172453982697825,0.0,0
2.77356404225013,0.5803732946617823,652.0,19157.0,0.5098271750991384,1.6913806986140465,0.0,39830.0,1.3172453982697825,0.0,0
2.7735682387407277,0.5803732946617823,653.0,19157.0,0.5098313715897362,1.691380698614046,0.0,39830.0,1.3172453982697825,0.0,0
2.7735723934754875,0.5803732946617823,654.0,19157.0,0.509835526324496,1.6913806986140465,0.0,39830.0,1.3172453982697825,0.0,0
2.773576506869892,0.5803732946617823,655.0,19157.0,0.509839639718901,1.6913806986140463,0.0,39830.0,1.3172453982697825,0.0,0
2.7735805793352903,0.5803732946617823,656.0,19157.0,0.509843712184299,1.6913806986140467,0.0,39830.0,1.3172453982697825,0.0,0
2.7735846112789364,0.5803732946617823,657.0,19157.0,0.5098477441279453,1.691380698614046,0.0,39830.0,1.3172453982697825,0.0,0
2.773588603104034,0.5803732946617823,658.0,19157.0,0.5098517359530427,1.6913806986140463,0.0,39830.0,1.3172453982697825,0.0,0
2.773592555209772,0.5803732946617823,659.0,19157.0,0.5098556880587807,1.6913806986140463,0.0,39830.0,1.3172453982697825,0.0,0
2.773596467991369,0.5803732946617823,660.0,19157.0,0.5098596008403772,1.6913806986140474,0.0,39830.0,1.3172453982697825,0.0,0
2.773703215024904,0.5804761678465776,661.0,19159.0,0.509863474689117,1.6913806986140465,0.0,39830.0,1.3172453982697825,0.0,0
2.773707050328178,0.5804761678465776,662.0,19159.0,0.5098673099923912,1.6913806986140465,0.0,39830.0,1.3172453982697825,0.0,0
2.773710847469523,0.5804761678465776,663.0,19159.0,0.5098711071337361,1.6913806986140472,0.0,39830.0,1.3172453982697825,0.0,0
2.773714606828658,0.5804761678465776,664.0,19159.0,0.5098748664928716,1.6913806986140463,0.0,39830.0,1.3172453982697825,0.0,0
2.773718328781526,0.5804761678465776,665.0,19159.0,0.5098785884457393,1.691380698614047,0.0,39830.0,1.3172453982697825,0.0,0
2.773722013700326,0.5804761678465776,666.0,19159.0,0.5098822733645392,1.6913806986140465,0.0,39830.0,1.3172453982697825,0.0,0
2.773725661953555,0.5804761678465776,667.0,19159.0,0.509885921617768,1.691380698614046,0.0,39830.0,1.3172453982697825,0.0,0
2.773729273906043,0.5804761678465776,668.0,19159.0,0.5098895335702565,1.691380698614046,0.0,39830.0,1.3172453982697825,0.0,0
2.7737328499189906,0.5804761678465776,669.0,19159.0,0.5098931095832038,1.691380698614046,0.0,39830.0,1.3172453982697825,0.0,0
2.7737363903500034,0.5804761678465776,670.0,19159.0,0.509896650014216,1.6913806986140465,0.0,39830.0,1.3172453982697825,0.0,0
2.7737398955531276,0.5804761678465776,671.0,19159.0,0.5099001552173403,1.691380698614047,0.0,39830.0,1.3172453982697825,0.0,0
2.7737433658788873,0.5804761678465776,672.0,19159.0,0.5099036255431011,1.6913806986140456,0.0,39830.0,1.3172453982697825,0.0,0
2.773746801674321,0.5804761678465776,673.0,19159.0,0.5099070613385345,1.691380698614047,0.0,39830.0,1.3172453982697825,0.0,0
2.773750203283011,0.5804761678465776,674.0,19159.0,0.5099104629472239,1.691380698614046,0.0,39830.0,1.3172453982697825,0.0,0
2.773753571045121,0.5804761678465776,675.0,19159.0,0.5099138307093346,1.6913806986140463,0.0,39830.0,1.3172453982697825,0.0,0
2.7737569052974322,0.5804761678465776,676.0,19159.0,0.5099171649616456,1.6913806986140463,0.0,39830.0,1.3172453982697825,0.0,0
2.773760206373373,0.5804761678465776,677.0,19159.0,0.5099204660375861,1.6913806986140467,0.0,39830.0,1.3172453982697825,0.0,0
2.7737634746030535,0.5804761678465776,678.0,19159.0,0.5099237342672662,1.6913806986140465,0.0,39830.0,1.3172453982697825,0.0,0
2.7737667103133,0.5804761678465776,679.0,19159.0,0.5099269699775135,1.6913806986140458,0.0,39830.0,1.3172453982697825,0.0,0
2.7737699138276883,0.5804761678465776,680.0,19159.0,0.5099301734919011,1.6913806986140465,0.0,39830.0,1.3172453982697825,0.0,0
2.773773085466571,0.5804761678465776,681.0,19159.0,0.5099333451307844,1.6913806986140467,0.0,39830.0,1.3172453982697825,0.0,0
2.7737762255471163,0.5804761678465776,682.0,19159.0,0.5099364852113293,1.6913806986140463,0.0,39830.0,1.3172453982697825,0.0,0
2.7737793343833346,0.5804761678465776,683.0,19159.0,0.5099395940475479,1.6913806986140465,0.0,39830.0,1.3172453982697825,0.0,0
2.7737824122861134,0.5804761678465776,684.0,19159.0,0.5099426719503263,1.6913806986140467,0.0,39830.0,1.3172453982697825,0.0,0
2.7737854595632445,0.5804761678465776,685.0,19159.0,0.5099457192274578,1.6913806986140465,0.0,39830.0,1.3172453982697825,0.0,0
2.773788476519459,0.5804761678465776,686.0,19159.0,0.5099487361836725,1.691380698614046,0.0,39830.0,1.3172453982697825,0.0,0
2.773791463456456,0.5804761678465776,687.0,19159.0,0.5099517231206693,1.6913806986140465,0.0,39830.0,1.3172453982697825,0.0,0
2.7737944206729312,0.5804761678465776,688.0,19159.0,0.5099546803371442,1.691380698614047,0.0,39830.0,1.3172453982697825,0.0,0
2.773797348464609,0.5804761678465776,689.0,19159.0,0.5099576081288221,1.6913806986140465,0.0,39830.0,1.3172453982697825,0.0,0
2.7738002471242713,0.5804761678465776,690.0,19159.0,0.5099605067884841,1.691380698614047,0.0,39830.0,1.3172453982697825,0.0,0
2.7738031169417856,0.5804761678465776,691.0,19159.0,0.5099633766059994,1.6913806986140454,0.0,39830.0,1.3172453982697825,0.0,0
2.7738059582041386,0.5804761678465776,692.0,19159.0,0.5099662178683517,1.691380698614046,0.0,39830.0,1.3172453982697825,0.0,0
2.773808771195457,0.5804761678465776,693.0,19159.0,0.5099690308596705,1.691380698614046,0.0,39830.0,1.3172453982697825,0.0,0
2.7738115561970433,0.5804761678465776,694.0,19159.0,0.5099718158612565,1.6913806986140463,0.0,39830.0,1.3172453982697825,0.0,0
2.7738143134874,0.5804761678465776,695.0,19159.0,0.5099745731516129,1.6913806986140465,0.0,39830.0,1.3172453982697825,0.0,0
2.7738170433422575,0.5804761678465776,696.0,19159.0,0.5099773030064709,1.6913806986140467,0.0,39830.0,1.3172453982697825,0.0,0
2.7738197460346052,0.5804761678465776,697.0,19159.0,0.5099800056988184,1.6913806986140463,0.0,39830.0,1.3172453982697825,0.0,0
2.773822421834714,0.5804761678465776,698.0,19159.0,0.5099826814989272,1.6913806986140467,0.0,39830.0,1.3172453982697825,0.0,0
2.773825071010166,0.5804761678465776,699.0,19159.0,0.5099853306743792,1.6913806986140465,0.0,39830.0,1.3172453982697825,0.0,0
2.7738276938258815,0.5804761678465776,700.0,19159.0,0.5099879534900947,1.691380698614046,0.0,39830.0,1.3172453982697825,0.0,0
2.7738302905441437,0.5804761678465776,701.0,19159.0,0.5099905502083568,1.6913806986140465,0.0,39830.0,1.3172453982697825,0.0,0
2.773832861424627,0.5804761678465776,702.0,19159.0,0.5099931210888403,1.691380698614046,0.0,39830.0,1.3172453982697825,0.0,0
2.7738354067244217,0.5804761678465776,703.0,19159.0,0.509995666388635,1.691380698614046,0.0,39830.0,1.3172453982697825,0.0,0
2.7738379266980604,0.5804761678465776,704.0,19159.0,0.5099981863622733,1.6913806986140465,0.0,39830.0,1.3172453982697825,0.0,0
2.773840421597541,0.5804761678465776,705.0,19159.0,0.5100006812617547,1.6913806986140467,0.0,39830.0,1.3172453982697825,0.0,0
2.773912533694492,0.5805458098687115,706.0,19160.0,0.5100031513365708,1.6913806986140465,0.0,39830.0,1.3172453982697825,0.0,0
2.773914979191652,0.5805458098687115,707.0,19160.0,0.510005596833732,1.6913806986140465,0.0,39830.0,1.3172453982697825,0.0,0
2.77391740035571,0.5805458098687115,708.0,19160.0,0.5100080179977893,1.6913806986140465,0.0,39830.0,1.3172453982697825,0.0,0
2.773919797428782,0.5805458098687115,709.0,19160.0,0.5100104150708616,1.691380698614047,0.0,39830.0,1.3172453982697825,0.0,0
2.7739221706505788,0.5805458098687115,710.0,19160.0,0.5100127882926577,1.691380698614047,0.0,39830.0,1.3172453982697825,0.0,0
2.773924520258423,0.5805458098687115,711.0,19160.0,0.5100151379005026,1.6913806986140465,0.0,39830.0,1.3172453982697825,0.0,0
2.7739268464872797,0.5805458098687115,712.0,19160.0,0.5100174641293586,1.691380698614047,0.0,39830.0,1.3172453982697825,0.0,0
2.773929149569771,0.5805458098687115,713.0,19160.0,0.5100197672118505,1.6913806986140465,0.0,39830.0,1.3172453982697825,0.0,0
2.77393142973621,0.5805458098687115,714.0,19160.0,0.5100220473782887,1.691380698614047,0.0,39830.0,1.3172453982697825,0.0,0
2.7739336872146123,0.5805458098687115,715.0,19160.0,0.5100243048566914,1.691380698614047,0.0,39830.0,1.3172453982697825,0.0,0
2.773935922230729,0.5805458098687115,716.0,19160.0,0.5100265398728087,1.6913806986140463,0.0,39830.0,1.3172453982697825,0.0,0
2.7739381350080645,0.5805458098687115,717.0,19160.0,0.510028752650144,1.6913806986140463,0.0,39830.0,1.3172453982697825,0.0,0
2.773940325767897,0.5805458098687115,718.0,19160.0,0.5100309434099767,1.6913806986140458,0.0,39830.0,1.3172453982697825,0.0,0
2.7739424947293054,0.5805458098687115,719.0,19160.0,0.5100331123713848,1.6913806986140465,0.0,39830.0,1.3172453982697825,0.0,0
2.773944642109187,0.5805458098687115,720.0,19160.0,0.5100352597512662,1.691380698614046,0.0,39830.0,1.3172453982697825,0.0,0
2.7739467681222814,0.5805458098687115,721.0,19160.0,0.5100373857643609,1.6913806986140467,0.0,39830.0,1.3172453982697825,0.0,0
2.7739488729811925,0.5805458098687115,722.0,19160.0,0.5100394906232716,1.6913806986140465,0.0,39830.0,1.3172453982697825,0.0,0
2.773950956896407,0.5805458098687115,723.0,19160.0,0.5100415745384863,1.691380698614047,0.0,39830.0,1.3172453982697825,0.0,0
2.773953020076319,0.5805458098687115,724.0,19160.0,0.510043637718398,1.691380698614047,0.0,39830.0,1.3172453982697825,0.0,0
2.773955062727247,0.5805458098687115,725.0,19160.0,0.5100456803693264,1.6913806986140463,0.0,39830.0,1.3172453982697825,0.0,0
2.7740022961400093,0.5805910209552618,726.0,19163.0,0.5100477026955385,1.6913806986140467,0.0,39830.0,1.3172453982697825,0.0,0
2.7740042983437396,0.5805910209552618,727.0,19163.0,0.5100497048992686,1.6913806986140465,0.0,39830.0,1.3172453982697825,0.0,0
2.77400628062521,0.5805910209552618,728.0,19163.0,0.5100516871807389,1.6913806986140472,0.0,39830.0,1.3172453982697825,0.0,0
2.7740082431826494,0.5805910209552618,729.0,19163.0,0.5100536497381785,1.6913806986140465,0.0,39830.0,1.3172453982697825,0.0,0
2.7740193236022437,0.5806001583451889,730.0,19164.0,0.5100555927678456,1.6913806986140465,0.0,39830.0,1.3172453982697825,0.0,0
2.774021247298442,0.5806001583451889,731.0,19164.0,0.5100575164640442,1.6913806986140467,0.0,39830.0,1.3172453982697825,0.0,0
2.774023151853544,0.5806001583451889,732.0,19164.0,0.5100594210191461,1.691380698614047,0.0,39830.0,1.3172453982697825,0.0,0
2.7740250374580064,0.5806001583451889,733.0,19164.0,0.5100613066236078,1.6913806986140467,0.0,39830.0,1.3172453982697825,0.0,0
2.7740269043003902,0.5806001583451889,734.0,19164.0,0.5100631734659918,1.6913806986140467,0.0,39830.0,1.3172453982697825,0.0,0
2.7740287525673812,0.5806001583451889,735.0,19164.0,0.5100650217329835,1.6913806986140465,0.0,39830.0,1.3172453982697825,0.0,0
2.77403058244381,0.5806001583451889,736.0,19164.0,0.5100668516094116,1.691380698614047,0.0,39830.0,1.3172453982697825,0.0,0
2.774032394112663,0.5806001583451889,737.0,19164.0,0.5100686632782649,1.6913806986140465,0.0,39830.0,1.3172453982697825,0.0,0
2.7740341877551096,0.5806001583451889,738.0,19164.0,0.510070456920712,1.6913806986140465,0.0,39830.0,1.3172453982697825,0.0,0
2.7740359635505163,0.5806001583451889,739.0,19164.0,0.5100722327161183,1.6913806986140463,0.0,39830.0,1.3172453982697825,0.0,0
2.7740377216764633,0.5806001583451889,740.0,19164.0,0.5100739908420652,1.6913806986140467,0.0,39830.0,1.3172453982697825,0.0,0
2.774054576312096,0.58061527234852,741.0,19165.0,0.5100757314743667,1.6913806986140465,0.0,39830.0,1.3172453982697825,0.0,0
2.7740562996248164,0.58061527234852,742.0,19165.0,0.5100774547870874,1.6913806986140465,0.0,39830.0,1.3172453982697825,0.0,0
2.774058005790289,0.58061527234852,743.0,19165.0,0.5100791609525599,1.691380698614047,0.0,39830.0,1.3172453982697825,0.0,0
2.7740596949791314,0.58061527234852,744.0,19165.0,0.5100808501414025,1.6913806986140465,0.0,39830.0,1.3172453982697825,0.0,0
2.774061367360264,0.58061527234852,745.0,19165.0,0.5100825225225348,1.6913806986140465,0.0,39830.0,1.3172453982697825,0.0,0
2.774063023100926,0.58061527234852,746.0,19165.0,0.5100841782631974,1.691380698614046,0.0,39830.0,1.3172453982697825,0.0,0
2.7740646623666936,0.58061527234852,747.0,19165.0,0.5100858175289648,1.6913806986140465,0.0,39830.0,1.3172453982697825,0.0,0
2.7740662853214944,0.58061527234852,748.0,19165.0,0.5100874404837653,1.6913806986140465,0.0,39830.0,1.3172453982697825,0.0,0
2.7740678921276247,0.58061527234852,749.0,19165.0,0.5100890472898959,1.691380698614046,0.0,39830.0,1.3172453982697825,0.0,0
2.774069482945767,0.58061527234852,750.0,19165.0,0.5100906381080381,1.6913806986140463,0.0,39830.0,1.3172453982697825,0.0,0
2.774071057935005,0.58061527234852,751.0,19165.0,0.5100922130972754,1.691380698614047,0.0,39830.0,1.3172453982697825,0.0,0
2.7740726172528376,0.58061527234852,752.0,19165.0,0.510093772415108,1.6913806986140474,0.0,39830.0,1.3172453982697825,0.0,0
2.7740741610551978,0.58061527234852,753.0,19165.0,0.5100953162174691,1.6913806986140465,0.0,39830.0,1.3172453982697825,0.0,0
2.7740756894964687,0.58061527234852,754.0,19165.0,0.5100968446587396,1.6913806986140465,0.0,39830.0,1.3172453982697825,0.0,0
2.7740772027294947,0.58061527234852,755.0,19165.0,0.5100983578917655,1.6913806986140465,0.0,39830.0,1.3172453982697825,0.0,0
2.7740787009056005,0.58061527234852,756.0,19165.0,0.5100998560678714,1.6913806986140465,0.0,39830.0,1.3172453982697825,0.0,0
2.7740801841746046,0.58061527234852,757.0,19165.0,0.5101013393368758,1.691380698614046,0.0,39830.0,1.3172453982697825,0.0,0
2.774081652684836,0.58061527234852,758.0,19165.0,0.5101028078471072,1.6913806986140465,0.0,39830.0,1.3172453982697825,0.0,0
2.7740831065831464,0.58061527234852,759.0,19165.0,0.5101042617454173,1.691380698614046,0.0,39830.0,1.3172453982697825,0.0,0
2.7740845460149273,0.58061527234852,760.0,19165.0,0.5101057011771979,1.6913806986140467,0.0,39830.0,1.3172453982697825,0.0,0
2.7740859711241215,0.58061527234852,761.0,19165.0,0.510107126286393,1.691380698614046,0.0,39830.0,1.3172453982697825,0.0,0
2.7740873820532435,0.58061527234852,762.0,19165.0,0.5101085372155142,1.691380698614047,0.0,39830.0,1.3172453982697825,0.0,0
2.7740887789433857,0.58061527234852,763.0,19165.0,0.5101099341056565,1.691380698614047,0.0,39830.0,1.3172453982697825,0.0,0
2.7740901619342386,0.58061527234852,764.0,19165.0,0.5101113170965094,1.6913806986140465,0.0,39830.0,1.3172453982697825,0.0,0
2.774091531164103,0.58061527234852,765.0,19165.0,0.5101126863263737,1.6913806986140467,0.0,39830.0,1.3172453982697825,0.0,0
2.774092886769902,0.58061527234852,766.0,19165.0,0.5101140419321729,1.6913806986140465,0.0,39830.0,1.3172453982697825,0.0,0
2.7742546676921083,0.5807757111534302,767.0,19168.0,0.5101153840494693,1.6913806986140465,0.0,39830.0,1.3172453982697825,0.0,0
2.774255996455115,0.5807757111534302,768.0,19168.0,0.5101167128124752,1.691380698614047,0.0,39830.0,1.3172453982697825,0.0,0
2.7742573119967076,0.5807757111534302,769.0,19168.0,0.5101180283540686,1.6913806986140465,0.0,39830.0,1.3172453982697825,0.0,0
2.7742586144484433,0.5807757111534302,770.0,19168.0,0.5101193308058041,1.6913806986140463,0.0,39830.0,1.3172453982697825,0.0,0
2.774259903940568,0.5807757111534302,771.0,19168.0,0.5101206202979284,1.6913806986140472,0.0,39830.0,1.3172453982697825,0.0,0
2.7742611806020308,0.5807757111534302,772.0,19168.0,0.5101218969593917,1.691380698614046,0.0,39830.0,1.3172453982697825,0.0,0
2.7742624445605,0.5807757111534302,773.0,19168.0,0.5101231609178613,1.6913806986140458,0.0,39830.0,1.3172453982697825,0.0,0
2.7742636959423734,0.5807757111534302,774.0,19168.0,0.5101244122997338,1.6913806986140465,0.0,39830.0,1.3172453982697825,0.0,0
2.774264934872788,0.5807757111534302,775.0,19168.0,0.5101256512301487,1.691380698614047,0.0,39830.0,1.3172453982697825,0.0,0
2.774266161475639,0.5807757111534302,776.0,19168.0,0.510126877833,1.6913806986140458,0.0,39830.0,1.3172453982697825,0.0,0
2.7742673758735887,0.5807757111534302,777.0,19168.0,0.5101280922309491,1.691380698614047,0.0,39830.0,1.3172453982697825,0.0,0
2.774268578188076,0.5807757111534302,778.0,19168.0,0.5101292945454365,1.691380698614046,0.0,39830.0,1.3172453982697825,0.0,0
2.7742697685393343,0.5807757111534302,779.0,19168.0,0.5101304848966951,1.6913806986140465,0.0,39830.0,1.3172453982697825,0.0,0
2.7742709470464,0.5807757111534302,780.0,19168.0,0.5101316634037608,1.6913806986140465,0.0,39830.0,1.3172453982697825,0.0,0
2.7742721138271245,0.5807757111534302,781.0,19168.0,0.5101328301844853,1.6913806986140465,0.0,39830.0,1.3172453982697825,0.0,0
2.774273268998187,0.5807757111534302,782.0,19168.0,0.5101339853555472,1.691380698614047,0.0,39830.0,1.3172453982697825,0.0,0
2.774274412675105,0.5807757111534302,783.0,19168.0,0.5101351290324654,1.6913806986140465,0.0,39830.0,1.3172453982697825,0.0,0
2.774275544972247,0.5807757111534302,784.0,19168.0,0.510136261329608,1.6913806986140465,0.0,39830.0,1.3172453982697825,0.0,0
2.7742766660028453,0.5807757111534302,785.0,19168.0,0.5101373823602058,1.6913806986140467,0.0,39830.0,1.3172453982697825,0.0,0
2.7742777758790016,0.5807757111534302,786.0,19168.0,0.5101384922363628,1.691380698614046,0.0,39830.0,1.3172453982697825,0.0,0
2.774278874711707,0.5807757111534302,787.0,19168.0,0.5101395910690675,1.6913806986140465,0.0,39830.0,1.3172453982697825,0.0,0
2.7742799626108434,0.5807757111534302,788.0,19168.0,0.5101406789682039,1.691380698614047,0.0,39830.0,1.3172453982697825,0.0,0
2.774383937948298,0.5808786094165264,789.0,19170.0,0.5101417560425631,1.6913806986140465,0.0,39830.0,1.3172453982697825,0.0,0
2.774385004305589,0.5808786094165264,790.0,19170.0,0.5101428223998535,1.691380698614046,0.0,39830.0,1.3172453982697825,0.0,0
2.7743860600524464,0.5808786094165264,791.0,19170.0,0.5101438781467115,1.6913806986140456,0.0,39830.0,1.3172453982697825,0.0,0
2.7743871052944487,0.5808786094165264,792.0,19170.0,0.5101449233887129,1.6913806986140467,0.0,39830.0,1.3172453982697825,0.0,0
2.7743881401361175,0.5808786094165264,793.0,19170.0,0.5101459582303824,1.6913806986140465,0.0,39830.0,1.3172453982697825,0.0,0
2.7743891646809407,0.5808786094165264,794.0,19170.0,0.5101469827752053,1.6913806986140467,0.0,39830.0,1.3172453982697825,0.0,0
2.7743901790313727,0.5808786094165264,795.0,19170.0,0.510147997125637,1.6913806986140467,0.0,39830.0,1.3172453982697825,0.0,0
2.774391183288849,0.5808786094165264,796.0,19170.0,0.5101490013831131,1.691380698614047,0.0,39830.0,1.3172453982697825,0.0,0
2.774392177553796,0.5808786094165264,797.0,19170.0,0.5101499956480607,1.6913806986140465,0.0,39830.0,1.3172453982697825,0.0,0
2.7743931619256417,0.5808786094165264,798.0,19170.0,0.5101509800199063,1.6913806986140463,0.0,39830.0,1.3172453982697825,0.0,0
2.7743941365028246,0.5808786094165264,799.0,19170.0,0.5101519545970886,1.691380698614047,0.0,39830.0,1.3172453982697825,0.0,0
2.774395101382801,0.5808786094165264,800.0,19170.0,0.5101529194770658,1.6913806986140463,0.0,39830.0,1.3172453982697825,0.0,0
2.774396056662062,0.5808786094165264,801.0,19170.0,0.5101538747563271,1.6913806986140463,0.0,39830.0,1.3172453982697825,0.0,0
2.774397002436136,0.5808786094165264,802.0,19170.0,0.5101548205304008,1.6913806986140465,0.0,39830.0,1.3172453982697825,0.0,0
2.7743979387996007,0.5808786094165264,803.0,19170.0,0.5101557568938654,1.691380698614046,0.0,39830.0,1.3172453982697825,0.0,0
2.7743988658460927,0.5808786094165264,804.0,19170.0,0.5101566839403574,1.6913806986140467,0.0,39830.0,1.3172453982697825,0.0,0
2.774399783668318,0.5808786094165264,805.0,19170.0,0.510157601762583,1.691380698614046,0.0,39830.0,1.3172453982697825,0.0,0
2.77440069235806,0.5808786094165264,806.0,19170.0,0.5101585104523246,1.691380698614047,0.0,39830.0,1.3172453982697825,0.0,0
2.7744015920061877,0.5808786094165264,807.0,19170.0,0.5101594101004526,1.691380698614046,0.0,39830.0,1.3172453982697825,0.0,0
2.774402482702667,0.5808786094165264,808.0,19170.0,0.5101603007969319,1.6913806986140465,0.0,39830.0,1.3172453982697825,0.0,0
2.7744033645365684,0.5808786094165264,809.0,19170.0,0.5101611826308334,1.691380698614046,0.0,39830.0,1.3172453982697825,0.0,0
2.774404237596076,0.5808786094165264,810.0,19170.0,0.5101620556903406,1.6913806986140467,0.0,39830.0,1.3172453982697825,0.0,0
2.7744051019684957,0.5808786094165264,811.0,19170.0,0.5101629200627605,1.691380698614046,0.0,39830.0,1.3172453982697825,0.0,0
2.774405957740267,0.5808786094165264,812.0,19170.0,0.5101637758345315,1.691380698614047,0.0,39830.0,1.3172453982697825,0.0,0
2.7744068049969663,0.5808786094165264,813.0,19170.0,0.5101646230912311,1.6913806986140465,0.0,39830.0,1.3172453982697825,0.0,0
2.774407643823321,0.5808786094165264,814.0,19170.0,0.5101654619175854,1.6913806986140465,0.0,39830.0,1.3172453982697825,0.0,0
2.7744084743032134,0.5808786094165264,815.0,19170.0,0.5101662923974781,1.691380698614046,0.0,39830.0,1.3172453982697825,0.0,0
2.7744092965196936,0.5808786094165264,816.0,19170.0,0.510167114613958,1.691380698614047,0.0,39830.0,1.3172453982697825,0.0,0
2.774410110554982,0.5808786094165264,817.0,19170.0,0.5101679286492471,1.6913806986140458,0.0,39830.0,1.3172453982697825,0.0,0
2.7744109164904853,0.5808786094165264,818.0,19170.0,0.5101687345847498,1.6913806986140465,0.0,39830.0,1.3172453982697825,0.0,0
2.7744117144067957,0.5808786094165264,819.0,19170.0,0.5101695325010601,1.6913806986140465,0.0,39830.0,1.3172453982697825,0.0,0
2.7744125043837062,0.5808786094165264,820.0,19170.0,0.5101703224779706,1.691380698614047,0.0,39830.0,1.3172453982697825,0.0,0
2.7744132865002147,0.5808786094165264,821.0,19170.0,0.5101711045944796,1.691380698614046,0.0,39830.0,1.3172453982697825,0.0,0
2.7744140608345345,0.5808786094165264,822.0,19170.0,0.510171878928799,1.6913806986140463,0.0,39830.0,1.3172453982697825,0.0,0
2.774414827464099,0.5808786094165264,823.0,19170.0,0.5101726455583635,1.691380698614047,0.0,39830.0,1.3172453982697825,0.0,0
2.7744155864655715,0.5808786094165264,824.0,19170.0,0.5101734045598362,1.6913806986140467,0.0,39830.0,1.3172453982697825,0.0,0
2.774416337914854,0.5808786094165264,825.0,19170.0,0.5101741560091183,1.691380698614047,0.0,39830.0,1.3172453982697825,0.0,0
2.77441708188709,0.5808786094165264,826.0,19170.0,0.510174899981355,1.6913806986140465,0.0,39830.0,1.3172453982697825,0.0,0
2.7744178184566795,0.5808786094165264,827.0,19170.0,0.5101756365509439,1.6913806986140467,0.0,39830.0,1.3172453982697825,0.0,0
2.774418547697279,0.5808786094165264,828.0,19170.0,0.5101763657915435,1.6913806986140465,0.0,39830.0,1.3172453982697825,0.0,0
2.774419269681813,0.5808786094165264,829.0,19170.0,0.5101770877760776,1.6913806986140465,0.0,39830.0,1.3172453982697825,0.0,0
2.7744199844824804,0.5808786094165264,830.0,19170.0,0.5101778025767453,1.6913806986140465,0.0,39830.0,1.3172453982697825,0.0,0
2.7744206921707635,0.5808786094165264,831.0,19170.0,0.5101785102650278,1.691380698614047,0.0,39830.0,1.3172453982697825,0.0,0
2.77442139281743,0.5808786094165264,832.0,19170.0,0.5101792109116943,1.691380698614047,0.0,39830.0,1.3172453982697825,0.0,0
2.774422086492545,0.5808786094165264,833.0,19170.0,0.51017990458681,1.691380698614046,0.0,39830.0,1.3172453982697825,0.0,0
2.774422773265478,0.5808786094165264,834.0,19170.0,0.5101805913597427,1.691380698614046,0.0,39830.0,1.3172453982697825,0.0,0
2.7744234532049057,0.5808786094165264,835.0,19170.0,0.5101812712991709,1.691380698614046,0.0,39830.0,1.3172453982697825,0.0,0
2.7744241263788236,0.5808786094165264,836.0,19170.0,0.5101819444730883,1.691380698614046,0.0,39830.0,1.3172453982697825,0.0,0
2.774424792854549,0.5808786094165264,837.0,19170.0,0.5101826109488136,1.6913806986140465,0.0,39830.0,1.3172453982697825,0.0,0
2.77442545269873,0.5808786094165264,838.0,19170.0,0.5101832707929949,1.6913806986140465,0.0,39830.0,1.3172453982697825,0.0,0
2.774426105977352,0.5808786094165264,839.0,19170.0,0.5101839240716166,1.6913806986140465,0.0,39830.0,1.3172453982697825,0.0,0
2.7744267527557427,0.5808786094165264,840.0,19170.0,0.5101845708500073,1.6913806986140463,0.0,39830.0,1.3172453982697825,0.0,0
2.7744273930985814,0.5808786094165264,841.0,19170.0,0.5101852111928458,1.6913806986140467,0.0,39830.0,1.3172453982697825,0.0,0
2.7744280270699018,0.5808786094165264,842.0,19170.0,0.5101858451641661,1.691380698614047,0.0,39830.0,1.3172453982697825,0.0,0
2.7744286547331023,0.5808786094165264,843.0,19170.0,0.510186472827367,1.6913806986140465,0.0,39830.0,1.3172453982697825,0.0,0
2.7744292761509493,0.5808786094165264,844.0,19170.0,0.5101870942452141,1.6913806986140465,0.0,39830.0,1.3172453982697825,0.0,0
2.774429891385586,0.5808786094165264,845.0,19170.0,0.5101877094798505,1.6913806986140463,0.0,39830.0,1.3172453982697825,0.0,0
2.7744305004985357,0.5808786094165264,846.0,19170.0,0.5101883185928003,1.6913806986140465,0.0,39830.0,1.3172453982697825,0.0,0
2.7744311035507105,0.5808786094165264,847.0,19170.0,0.5101889216449746,1.691380698614047,0.0,39830.0,1.3172453982697825,0.0,0
2.7744317006024155,0.5808786094165264,848.0,19170.0,0.5101895186966798,1.6913806986140474,0.0,39830.0,1.3172453982697825,0.0,0
2.774432291713356,0.5808786094165264,849.0,19170.0,0.510190109807621,1.691380698614046,0.0,39830.0,1.3172453982697825,0.0,0
2.7744328769426456,0.5808786094165264,850.0,19170.0,0.5101906950369103,1.6913806986140463,0.0,39830.0,1.3172453982697825,0.0,0
2.774433456348806,0.5808786094165264,851.0,19170.0,0.5101912744430708,1.6913806986140465,0.0,39830.0,1.3172453982697825,0.0,0
2.774434029989779,0.5808786094165264,852.0,19170.0,0.5101918480840436,1.691380698614046,0.0,39830.0,1.3172453982697825,0.0,0
2.7744345979229283,0.5808786094165264,853.0,19170.0,0.5101924160171933,1.691380698614046,0.0,39830.0,1.3172453982697825,0.0,0
2.774435160205049,0.5808786094165264,854.0,19170.0,0.5101929782993139,1.691380698614046,0.0,39830.0,1.3172453982697825,0.0,0
2.774435716892369,0.5808786094165264,855.0,19170.0,0.5101935349866337,1.6913806986140465,0.0,39830.0,1.3172453982697825,0.0,0
2.774436268040558,0.5808786094165264,856.0,19170.0,0.5101940861348224,1.6913806986140463,0.0,39830.0,1.3172453982697825,0.0,0
2.7744368137047304,0.5808786094165264,857.0,19170.0,0.5101946317989949,1.6913806986140463,0.0,39830.0,1.3172453982697825,0.0,0
2.7744373539394536,0.5808786094165264,858.0,19170.0,0.5101951720337182,1.691380698614047,0.0,39830.0,1.3172453982697825,0.0,0
2.7744378887987513,0.5808786094165264,859.0,19170.0,0.5101957068930162,1.6913806986140465,0.0,39830.0,1.3172453982697825,0.0,0
2.77443841833611,0.5808786094165264,860.0,19170.0,0.5101962364303748,1.6913806986140463,0.0,39830.0,1.3172453982697825,0.0,0
2.7744389426044846,0.5808786094165264,861.0,19170.0,0.5101967606987493,1.6913806986140465,0.0,39830.0,1.3172453982697825,0.0,0
2.7744394616563013,0.5808786094165264,862.0,19170.0,0.5101972797505661,1.6913806986140463,0.0,39830.0,1.3172453982697825,0.0,0
2.7744399755434666,0.5808786094165264,863.0,19170.0,0.510197793637731,1.6913806986140465,0.0,39830.0,1.3172453982697825,0.0,0
2.7744404843173682,0.5808786094165264,864.0,19170.0,0.5101983024116329,1.691380698614046,0.0,39830.0,1.3172453982697825,0.0,0
2.7744409880288856,0.5808786094165264,865.0,19170.0,0.5101988061231503,1.691380698614046,0.0,39830.0,1.3172453982697825,0.0,0
2.7744414867283895,0.5808786094165264,866.0,19170.0,0.5101993048226542,1.691380698614046,0.0,39830.0,1.3172453982697825,0.0,0
2.7744419804657503,0.5808786094165264,867.0,19170.0,0.5101997985600153,1.691380698614047,0.0,39830.0,1.3172453982697825,0.0,0
2.7744424692903427,0.5808786094165264,868.0,19170.0,0.5102002873846074,1.6913806986140463,0.0,39830.0,1.3172453982697825,0.0,0
2.7744429532510484,0.5808786094165264,869.0,19170.0,0.5102007713453133,1.6913806986140463,0.0,39830.0,1.3172453982697825,0.0,0
2.7744434323962652,0.5808786094165264,870.0,19170.0,0.5102012504905301,1.6913806986140463,0.0,39830.0,1.3172453982697825,0.0,0
2.7744439067739073,0.5808786094165264,871.0,19170.0,0.5102017248681721,1.6913806986140465,0.0,39830.0,1.3172453982697825,0.0,0
2.774444376431413,0.5808786094165264,872.0,19170.0,0.5102021945256777,1.6913806986140458,0.0,39830.0,1.3172453982697825,0.0,0
2.774444841415749,0.5808786094165264,873.0,19170.0,0.5102026595100133,1.691380698614047,0.0,39830.0,1.3172453982697825,0.0,0
2.774514958938048,0.5809482665811614,874.0,19171.0,0.5102031198676773,1.6913806986140467,0.0,39830.0,1.3172453982697825,0.0,0
2.774515414715076,0.5809482665811614,875.0,19171.0,0.5102035756447059,1.6913806986140465,0.0,39830.0,1.3172453982697825,0.0,0
2.774515865957048,0.5809482665811614,876.0,19171.0,0.5102040268866773,1.6913806986140465,0.0,39830.0,1.3172453982697825,0.0,0
2.774516312709087,0.5809482665811614,877.0,19171.0,0.5102044736387161,1.691380698614046,0.0,39830.0,1.3172453982697825,0.0,0
2.7745167550158687,0.5809482665811614,878.0,19171.0,0.5102049159454981,1.6913806986140465,0.0,39830.0,1.3172453982697825,0.0,0
2.7745171929216244,0.5809482665811614,879.0,19171.0,0.5102053538512538,1.6913806986140465,0.0,39830.0,1.3172453982697825,0.0,0
2.7745176264701454,0.5809482665811614,880.0,19171.0,0.5102057873997743,1.691380698614047,0.0,39830.0,1.3172453982697825,0.0,0
2.7745180557047853,0.5809482665811614,881.0,19171.0,0.5102062166344153,1.6913806986140454,0.0,39830.0,1.3172453982697825,0.0,0
2.7745184806684704,0.5809482665811614,882.0,19171.0,0.5102066415981,1.6913806986140463,0.0,39830.0,1.3172453982697825,0.0,0
2.7745189014036957,0.5809482665811614,883.0,19171.0,0.5102070623333255,1.691380698614046,0.0,39830.0,1.3172453982697825,0.0,0
2.774519317952536,0.5809482665811614,884.0,19171.0,0.5102074788821656,1.691380698614046,0.0,39830.0,1.3172453982697825,0.0,0
2.774519730356646,0.5809482665811614,885.0,19171.0,0.5102078912862755,1.6913806986140463,0.0,39830.0,1.3172453982697825,0.0,0
2.7745201386572664,0.5809482665811614,886.0,19171.0,0.510208299586896,1.6913806986140465,0.0,39830.0,1.3172453982697825,0.0,0
2.7745205428952273,0.5809482665811614,887.0,19171.0,0.5102087038248571,1.6913806986140465,0.0,39830.0,1.3172453982697825,0.0,0
2.774520943110954,0.5809482665811614,888.0,19171.0,0.5102091040405834,1.6913806986140467,0.0,39830.0,1.3172453982697825,0.0,0
2.7745213393444677,0.5809482665811614,889.0,19171.0,0.5102095002740972,1.6913806986140467,0.0,39830.0,1.3172453982697825,0.0,0
2.774521731635392,0.5809482665811614,890.0,19171.0,0.510209892565021,1.6913806986140467,0.0,39830.0,1.3172453982697825,0.0,0
2.774522120022956,0.5809482665811614,891.0,19171.0,0.5102102809525854,1.6913806986140465,0.0,39830.0,1.3172453982697825,0.0,0
2.7745225045459994,0.5809482665811614,892.0,19171.0,0.5102106654756288,1.6913806986140467,0.0,39830.0,1.3172453982697825,0.0,0
2.774522885242974,0.5809482665811614,893.0,19171.0,0.5102110461726039,1.6913806986140467,0.0,39830.0,1.3172453982697825,0.0,0
2.774523262151951,0.5809482665811614,894.0,19171.0,0.5102114230815807,1.6913806986140463,0.0,39830.0,1.3172453982697825,0.0,0
2.7745236353106213,0.5809482665811614,895.0,19171.0,0.5102117962402507,1.6913806986140467,0.0,39830.0,1.3172453982697825,0.0,0
2.7745240047563,0.5809482665811614,896.0,19171.0,0.5102121656859298,1.691380698614046,0.0,39830.0,1.3172453982697825,0.0,0
2.7745243705259335,0.5809482665811614,897.0,19171.0,0.5102125314555629,1.6913806986140465,0.0,39830.0,1.3172453982697825,0.0,0
2.7745247326560976,0.5809482665811614,898.0,19171.0,0.5102128935857274,1.6913806986140458,0.0,39830.0,1.3172453982697825,0.0,0
2.7745250911830075,0.5809482665811614,899.0,19171.0,0.5102132521126366,1.6913806986140467,0.0,39830.0,1.3172453982697825,0.0,0
2.7745254461425137,0.5809482665811614,900.0,19171.0,0.5102136070721435,1.6913806986140463,0.0,39830.0,1.3172453982697825,0.0,0
2.774525797570115,0.5809482665811614,901.0,19171.0,0.5102139584997443,1.6913806986140467,0.0,39830.0,1.3172453982697825,0.0,0
2.774526145500953,0.5809482665811614,902.0,19171.0,0.5102143064305819,1.6913806986140474,0.0,39830.0,1.3172453982697825,0.0,0
2.774526489969821,0.5809482665811614,903.0,19171.0,0.5102146508994502,1.6913806986140465,0.0,39830.0,1.3172453982697825,0.0,0
2.774526831011166,0.5809482665811614,904.0,19171.0,0.5102149919407957,1.6913806986140465,0.0,39830.0,1.3172453982697825,0.0,0
2.774527168659093,0.5809482665811614,905.0,19171.0,0.510215329588723,1.691380698614046,0.0,39830.0,1.3172453982697825,0.0,0
2.7745275029473677,0.5809482665811614,906.0,19171.0,0.5102156638769973,1.6913806986140465,0.0,39830.0,1.3172453982697825,0.0,0
2.7745278339094184,0.5809482665811614,907.0,19171.0,0.5102159948390478,1.6913806986140465,0.0,39830.0,1.3172453982697825,0.0,0
2.774528161578341,0.5809482665811614,908.0,19171.0,0.510216322507971,1.691380698614046,0.0,39830.0,1.3172453982697825,0.0,0
2.774528485986904,0.5809482665811614,909.0,19171.0,0.5102166469165338,1.691380698614046,0.0,39830.0,1.3172453982697825,0.0,0
2.774528807167548,0.5809482665811614,910.0,19171.0,0.5102169680971776,1.6913806986140467,0.0,39830.0,1.3172453982697825,0.0,0
2.7745291251523914,0.5809482665811614,911.0,19171.0,0.5102172860820202,1.691380698614047,0.0,39830.0,1.3172453982697825,0.0,0
2.774529439973232,0.5809482665811614,912.0,19171.0,0.5102176009028614,1.6913806986140472,0.0,39830.0,1.3172453982697825,0.0,0
2.7745297516615532,0.5809482665811614,913.0,19171.0,0.5102179125911823,1.691380698614047,0.0,39830.0,1.3172453982697825,0.0,0
2.7745300602485234,0.5809482665811614,914.0,19171.0,0.510218221178153,1.6913806986140465,0.0,39830.0,1.3172453982697825,0.0,0
2.7745303657650022,0.5809482665811614,915.0,19171.0,0.5102185266946319,1.6913806986140463,0.0,39830.0,1.3172453982697825,0.0,0
2.7745306682415416,0.5809482665811614,916.0,19171.0,0.5102188291711708,1.6913806986140465,0.0,39830.0,1.3172453982697825,0.0,0
2.774530967708389,0.5809482665811614,917.0,19171.0,0.5102191286380182,1.6913806986140465,0.0,39830.0,1.3172453982697825,0.0,0
2.774531264195491,0.5809482665811614,918.0,19171.0,0.5102194251251203,1.6913806986140465,0.0,39830.0,1.3172453982697825,0.0,0
2.7745315577324976,0.5809482665811614,919.0,19171.0,0.5102197186621269,1.6913806986140463,0.0,39830.0,1.3172453982697825,0.0,0
2.774531848348762,0.5809482665811614,920.0,19171.0,0.5102200092783911,1.6913806986140465,0.0,39830.0,1.3172453982697825,0.0,0
2.7745321360733457,0.5809482665811614,921.0,19171.0,0.5102202970029752,1.691380698614046,0.0,39830.0,1.3172453982697825,0.0,0
2.7745324209350226,0.5809482665811614,922.0,19171.0,0.5102205818646521,1.691380698614046,0.0,39830.0,1.3172453982697825,0.0,0
2.7745327029622784,0.5809482665811614,923.0,19171.0,0.5102208638919081,1.6913806986140465,0.0,39830.0,1.3172453982697825,0.0,0
2.7745329821833162,0.5809482665811614,924.0,19171.0,0.5102211431129459,1.6913806986140465,0.0,39830.0,1.3172453982697825,0.0,0
2.774533258626058,0.5809482665811614,925.0,19171.0,0.5102214195556874,1.6913806986140465,0.0,39830.0,1.3172453982697825,0.0,0
2.774533532318149,0.5809482665811614,926.0,19171.0,0.510221693247778,1.691380698614047,0.0,39830.0,1.3172453982697825,0.0,0
2.7745338032869573,0.5809482665811614,927.0,19171.0,0.510221964216587,1.6913806986140465,0.0,39830.0,1.3172453982697825,0.0,0
2.774534071559582,0.5809482665811614,928.0,19171.0,0.5102222324892111,1.6913806986140465,0.0,39830.0,1.3172453982697825,0.0,0
2.7745343371628484,0.5809482665811614,929.0,19171.0,0.5102224980924779,1.691380698614046,0.0,39830.0,1.3172453982697825,0.0,0
2.774534600123318,0.5809482665811614,930.0,19171.0,0.5102227610529484,1.691380698614046,0.0,39830.0,1.3172453982697825,0.0,0
2.774534860467289,0.5809482665811614,931.0,19171.0,0.5102230213969181,1.691380698614047,0.0,39830.0,1.3172453982697825,0.0,0
2.774535118220793,0.5809482665811614,932.0,19171.0,0.5102232791504223,1.6913806986140463,0.0,39830.0,1.3172453982697825,0.0,0
2.774535373409606,0.5809482665811614,933.0,19171.0,0.5102235343392362,1.6913806986140458,0.0,39830.0,1.3172453982697825,0.0,0
2.774535626059249,0.5809482665811614,934.0,19171.0,0.5102237869888787,1.691380698614046,0.0,39830.0,1.3172453982697825,0.0,0
2.7745358761949865,0.5809482665811614,935.0,19171.0,0.5102240371246156,1.6913806986140465,0.0,39830.0,1.3172453982697825,0.0,0
2.774536123841831,0.5809482665811614,936.0,19171.0,0.5102242847714603,1.6913806986140463,0.0,39830.0,1.3172453982697825,0.0,0
2.774536369024548,0.5809482665811614,937.0,19171.0,0.5102245299541776,1.691380698614046,0.0,39830.0,1.3172453982697825,0.0,0
2.774536611767657,0.5809482665811614,938.0,19171.0,0.5102247726972865,1.691380698614046,0.0,39830.0,1.3172453982697825,0.0,0
2.7745368520954314,0.5809482665811614,939.0,19171.0,0.5102250130250605,1.691380698614047,0.0,39830.0,1.3172453982697825,0.0,0
2.7745370900319037,0.5809482665811614,940.0,19171.0,0.5102252509615335,1.691380698614046,0.0,39830.0,1.3172453982697825,0.0,0
2.7745373256008694,0.5809482665811614,941.0,19171.0,0.510225486530499,1.6913806986140463,0.0,39830.0,1.3172453982697825,0.0,0
2.774537558825885,0.5809482665811614,942.0,19171.0,0.5102257197555141,1.6913806986140467,0.0,39830.0,1.3172453982697825,0.0,0
2.7745377897302723,0.5809482665811614,943.0,19171.0,0.5102259506599018,1.691380698614046,0.0,39830.0,1.3172453982697825,0.0,0
2.7745380183371227,0.5809482665811614,944.0,19171.0,0.510226179266752,1.691380698614046,0.0,39830.0,1.3172453982697825,0.0,0
2.7745382446692965,0.5809482665811614,945.0,19171.0,0.5102264055989262,1.6913806986140465,0.0,39830.0,1.3172453982697825,0.0,0
2.7745384687494288,0.5809482665811614,946.0,19171.0,0.5102266296790579,1.6913806986140472,0.0,39830.0,1.3172453982697825,0.0,0
2.774538690599925,0.5809482665811614,947.0,19171.0,0.5102268515295547,1.6913806986140465,0.0,39830.0,1.3172453982697825,0.0,0
2.7745389102429723,0.5809482665811614,948.0,19171.0,0.5102270711726025,1.6913806986140456,0.0,39830.0,1.3172453982697825,0.0,0
2.7745391277005353,0.5809482665811614,949.0,19171.0,0.510227288630165,1.6913806986140463,0.0,39830.0,1.3172453982697825,0.0,0
2.7745393429943594,0.5809482665811614,950.0,19171.0,0.5102275039239891,1.6913806986140465,0.0,39830.0,1.3172453982697825,0.0,0
2.7745395561459736,0.5809482665811614,951.0,19171.0,0.5102277170756037,1.691380698614046,0.0,39830.0,1.3172453982697825,0.0,0
2.7745397671766945,0.5809482665811614,952.0,19171.0,0.510227928106324,1.6913806986140463,0.0,39830.0,1.3172453982697825,0.0,0
2.774539976107624,0.5809482665811614,953.0,19171.0,0.5102281370372538,1.6913806986140463,0.0,39830.0,1.3172453982697825,0.0,0
2.7745401829596563,0.5809482665811614,954.0,19171.0,0.5102283438892861,1.6913806986140458,0.0,39830.0,1.3172453982697825,0.0,0
2.7745403877534764,0.5809482665811614,955.0,19171.0,0.5102285486831062,1.6913806986140463,0.0,39830.0,1.3172453982697825,0.0,0
2.7745405905095644,0.5809482665811614,956.0,19171.0,0.5102287514391937,1.691380698614047,0.0,39830.0,1.3172453982697825,0.0,0
2.774540791248195,0.5809482665811614,957.0,19171.0,0.5102289521778245,1.6913806986140465,0.0,39830.0,1.3172453982697825,0.0,0
2.7745409899894433,0.5809482665811614,958.0,19171.0,0.5102291509190728,1.6913806986140465,0.0,39830.0,1.3172453982697825,0.0,0
2.774541186753183,0.5809482665811614,959.0,19171.0,0.5102293476828124,1.6913806986140465,0.0,39830.0,1.3172453982697825,0.0,0
2.7745413815590902,0.5809482665811614,960.0,19171.0,0.5102295424887201,1.691380698614046,0.0,39830.0,1.3172453982697825,0.0,0
2.7745415744266473,0.5809482665811614,961.0,19171.0,0.5102297353562765,1.6913806986140472,0.0,39830.0,1.3172453982697825,0.0,0
2.7745417653751394,0.5809482665811614,962.0,19171.0,0.5102299263047688,1.6913806986140465,0.0,39830.0,1.3172453982697825,0.0,0
2.774541954423662,0.5809482665811614,963.0,19171.0,0.5102301153532918,1.6913806986140456,0.0,39830.0,1.3172453982697825,0.0,0
2.7745421415911213,0.5809482665811614,964.0,19171.0,0.5102303025207506,1.691380698614046,0.0,39830.0,1.3172453982697825,0.0,0
2.774542326896232,0.5809482665811614,965.0,19171.0,0.510230487825862,1.6913806986140458,0.0,39830.0,1.3172453982697825,0.0,0
2.774542510357527,0.5809482665811614,966.0,19171.0,0.510230671287157,1.691380698614046,0.0,39830.0,1.3172453982697825,0.0,0
2.7745426919933514,0.5809482665811614,967.0,19171.0,0.5102308529229814,1.6913806986140463,0.0,39830.0,1.3172453982697825,0.0,0
2.7745428718218696,0.5809482665811614,968.0,19171.0,0.5102310327514988,1.691380698614047,0.0,39830.0,1.3172453982697825,0.0,0
2.7745430498610637,0.5809482665811614,969.0,19171.0,0.5102312107906933,1.691380698614047,0.0,39830.0,1.3172453982697825,0.0,0
2.774543226128738,0.5809482665811614,970.0,19171.0,0.5102313870583678,1.6913806986140463,0.0,39830.0,1.3172453982697825,0.0,0
2.7745434006425205,0.5809482665811614,971.0,19171.0,0.5102315615721499,1.691380698614047,0.0,39830.0,1.3172453982697825,0.0,0
2.7745435734198605,0.5809482665811614,972.0,19171.0,0.5102317343494904,1.6913806986140456,0.0,39830.0,1.3172453982697825,0.0,0
2.7745437444780383,0.5809482665811614,973.0,19171.0,0.5102319054076677,1.691380698614046,0.0,39830.0,1.3172453982697825,0.0,0
2.7745439138341585,0.5809482665811614,974.0,19171.0,0.510232074763788,1.6913806986140467,0.0,39830.0,1.3172453982697825,0.0,0
2.774544081505157,0.5809482665811614,975.0,19171.0,0.5102322424347866,1.6913806986140463,0.0,39830.0,1.3172453982697825,0.0,0
2.774544247507801,0.5809482665811614,976.0,19171.0,0.5102324084374309,1.6913806986140458,0.0,39830.0,1.3172453982697825,0.0,0
2.7745444118586913,0.5809482665811614,977.0,19171.0,0.5102325727883215,1.6913806986140463,0.0,39830.0,1.3172453982697825,0.0,0
2.7745445745742634,0.5809482665811614,978.0,19171.0,0.510232735503893,1.691380698614046,0.0,39830.0,1.3172453982697825,0.0,0
2.7745447356707884,0.5809482665811614,979.0,19171.0,0.5102328966004178,1.6913806986140467,0.0,39830.0,1.3172453982697825,0.0,0
2.774544895164376,0.5809482665811614,980.0,19171.0,0.5102330560940053,1.6913806986140467,0.0,39830.0,1.3172453982697825,0.0,0
2.7745450530709754,0.5809482665811614,981.0,19171.0,0.5102332140006051,1.6913806986140458,0.0,39830.0,1.3172453982697825,0.0,0
2.7745452094063783,0.5809482665811614,982.0,19171.0,0.5102333703360079,1.6913806986140463,0.0,39830.0,1.3172453982697825,0.0,0
2.774545364186218,0.5809482665811614,983.0,19171.0,0.5102335251158476,1.6913806986140456,0.0,39830.0,1.3172453982697825,0.0,0
2.7745455174259726,0.5809482665811614,984.0,19171.0,0.5102336783556021,1.691380698614046,0.0,39830.0,1.3172453982697825,0.0,0
2.774545669140966,0.5809482665811614,985.0,19171.0,0.5102338300705959,1.6913806986140465,0.0,39830.0,1.3172453982697825,0.0,0
2.7745458193463706,0.5809482665811614,986.0,19171.0,0.5102339802759998,1.6913806986140465,0.0,39830.0,1.3172453982697825,0.0,0
2.7745459680572053,0.5809482665811614,987.0,19171.0,0.5102341289868352,1.6913806986140465,0.0,39830.0,1.3172453982697825,0.0,0
2.7745461152883433,0.5809482665811614,988.0,19171.0,0.5102342762179727,1.6913806986140465,0.0,39830.0,1.3172453982697825,0.0,0
2.7745462610545073,0.5809482665811614,989.0,19171.0,0.5102344219841363,1.6913806986140467,0.0,39830.0,1.3172453982697825,0.0,0
2.7745464053702724,0.5809482665811614,990.0,19171.0,0.5102345662999023,1.6913806986140456,0.0,39830.0,1.3172453982697825,0.0,0
2.774546548250073,0.5809482665811614,991.0,19171.0,0.5102347091797023,1.6913806986140465,0.0,39830.0,1.3172453982697825,0.0,0
2.7745466897081954,0.5809482665811614,992.0,19171.0,0.5102348506378247,1.6913806986140465,0.0,39830.0,1.3172453982697825,0.0,0
2.7745468297587856,0.5809482665811614,993.0,19171.0,0.5102349906884152,1.6913806986140465,0.0,39830.0,1.3172453982697825,0.0,0
2.7745469684158497,0.5809482665811614,994.0,19171.0,0.5102351293454789,1.6913806986140474,0.0,39830.0,1.3172453982697825,0.0,0
2.7745471056932525,0.5809482665811614,995.0,19171.0,0.510235266622882,1.6913806986140465,0.0,39830.0,1.3172453982697825,0.0,0
2.774547241604722,0.5809482665811614,996.0,19171.0,0.5102354025343518,1.691380698614046,0.0,39830.0,1.3172453982697825,0.0,0
2.7745473761638504,0.5809482665811614,997.0,19171.0,0.51023553709348,1.6913806986140463,0.0,39830.0,1.3172453982697825,0.0,0
2.7745475093840932,0.5809482665811614,998.0,19171.0,0.5102356703137225,1.6913806986140465,0.0,39830.0,1.3172453982697825,0.0,0
2.774547641278772,0.5809482665811614,999.0,19171.0,0.5102358022084017,1.6913806986140465,0.0,39830.0,1.3172453982697825,0.0,0
2.774547771861077,0.5809482665811614,1000.0,19171.0,0.5102359327907068,1.6913806986140465,0.0,39830.0,1.3172453982697825,0.0,0
2.774547901144067,0.5809482665811614,1001.0,19171.0,0.5102360620736961,1.6913806986140472,0.0,39830.0,1.3172453982697825,0.0,0
2.774548029140669,0.5809482665811614,1002.0,19171.0,0.5102361900702982,1.691380698614046,0.0,39830.0,1.3172453982697825,0.0,0
2.774548155863683,0.5809482665811614,1003.0,19171.0,0.5102363167933129,1.6913806986140458,0.0,39830.0,1.3172453982697825,0.0,0
2.774548281325783,0.5809482665811614,1004.0,19171.0,0.5102364422554124,1.6913806986140465,0.0,39830.0,1.3172453982697825,0.0,0
2.7745484055395138,0.5809482665811614,1005.0,19171.0,0.5102365664691433,1.6913806986140467,0.0,39830.0,1.3172453982697825,0.0,0
2.7745484055395138,0.5809482665811614,1005.0,19171.0,0.5102365664691433,1.6913806986140467,0.0,39830.0,1.3172453982697825,0.0,0
2.7745484055395138,0.5809482665811614,1005.0,19171.0,0.5102365664691433,1.6913806986140467,0.0,39830.0,1.3172453982697825,0.0,0
0.9960479518397314,0.5044913201633987,1005.0,27119.0,0.5143530404520458,-6.903520705267345e-05,0.0,39494.0,-5.3310992378267685e-05,0.0,0
0.9960479518397314,0.5044913201633987,1005.0,27119.0,0.5143530404520458,-6.903520705267345e-05,0.0,39494.0,-5.3310992378267685e-05,0.0,0
0.888747409262027,0.4906185523112212,1006.0,28113.0,0.4209252657265189,-6.903520705274292e-05,0.0,39494.0,-5.3310992378267685e-05,0.0,0
0.6794691394233868,0.31298812421606437,1007.0,33441.0,0.3916791357362546,-6.925967757314304e-05,0.0,39366.0,-5.3310992378267685e-05,0.0,0
0.6191740692133596,0.2724113931856557,1008.0,34824.0,0.37275339924388246,-6.933894019328077e-05,0.0,39321.0,-5.3310992378267685e-05,0.0,0
0.5837950532155933,0.25158057429879543,1009.0,35535.0,0.35820520213297663,-6.933894019347046e-05,0.0,39321.0,-5.3310992378267685e-05,0.0,0
0.5610444013134411,0.24104907898552438,1010.0,35868.0,0.3459860455440955,-6.933894019346306e-05,0.0,39321.0,-5.3310992378267685e-05,0.0,0
0.542203749591685,0.23305957826043247,1011.0,36130.0,0.3351348945474313,-6.933894019343227e-05,0.0,39321.0,-5.3310992378267685e-05,0.0,0
0.5247287509580586,0.22546721976998807,1012.0,36433.0,0.32525225440424915,-6.933894019343586e-05,0.0,39321.0,-5.3310992378267685e-05,0.0,0
0.5087348256695557,0.21857727492354206,1013.0,36727.0,0.3161482739621923,-6.933894019342289e-05,0.0,39321.0,-5.3310992378267685e-05,0.0,0
0.4949982137113204,0.21327464410205332,1014.0,36954.0,0.30771429282544577,-6.933894019348954e-05,0.0,39321.0,-5.3310992378267685e-05,0.0,0
0.4829364136151458,0.2090519374799747,1015.0,37139.0,0.2998751993513499,-6.933894019356607e-05,0.0,39321.0,-5.3310992378267685e-05,0.0,0
0.47162446547567766,0.20504363464982317,1016.0,37319.0,0.2925715540420332,-6.933894019349248e-05,0.0,39321.0,-5.3310992378267685e-05,0.0,0
0.46132966211615317,0.2015676890048335,1017.0,37477.0,0.2857526963274983,-6.933894019324877e-05,0.0,39321.0,-5.3310992378267685e-05,0.0,0
0.4531727405399079,0.19978954169918783,1018.0,37575.0,0.2793739220568987,-6.93389401932994e-05,0.0,39321.0,-5.3310992378267685e-05,0.0,0
0.4471635073660989,0.19975904478691797,1019.0,37581.0,0.27339518579535954,-6.933894019337262e-05,0.0,39321.0,-5.3310992378267685e-05,0.0,0
0.44154871031622417,0.19975904478691797,1020.0,37581.0,0.2677803887454848,-6.933894019340091e-05,0.0,39321.0,-5.3310992378267685e-05,0.0,0
0.4362652260103554,0.19975904478691797,1021.0,37581.0,0.2624969044396159,-6.93389401932242e-05,0.0,39321.0,-5.3310992378267685e-05,0.0,0
0.431283533680164,0.19975904478691797,1022.0,37581.0,0.2575152121094247,-6.933894019337323e-05,0.0,39321.0,-5.3310992378267685e-05,0.0,0
0.42657690952200816,0.19975904478691797,1023.0,37581.0,0.25280858795126887,-6.933894019348965e-05,0.0,39321.0,-5.3310992378267685e-05,0.0,0
0.42212115580454257,0.19975904478691797,1024.0,37581.0,0.2483528342338033,-6.933894019337478e-05,0.0,39321.0,-5.3310992378267685e-05,0.0,0
0.41789435886699167,0.19975904478691797,1025.0,37581.0,0.24412603729625243,-6.933894019350049e-05,0.0,39321.0,-5.3310992378267685e-05,0.0,0
0.41387667129047995,0.19975904478691797,1026.0,37581.0,0.24010834971974063,-6.933894019341133e-05,0.0,39321.0,-5.3310992378267685e-05,0.0,0
0.4100501152179587,0.19975904478691797,1027.0,37581.0,0.23628179364721935,-6.933894019334757e-05,0.0,39321.0,-5.3310992378267685e-05,0.0,0
0.4063984045438159,0.19975904478691797,1028.0,37581.0,0.23263008297307652,-6.933894019328605e-05,0.0,39321.0,-5.3310992378267685e-05,0.0,0
0.4029067840795009,0.19975904478691797,1029.0,37581.0,0.22913846250876158,-6.933894019339012e-05,0.0,39321.0,-5.3310992378267685e-05,0.0,0
0.3995618840436517,0.19975904478691797,1030.0,37581.0,0.22579356247291246,-6.93389401934578e-05,0.0,39321.0,-5.3310992378267685e-05,0.0,0
0.39635158840516144,0.19975904478691797,1031.0,37581.0,0.22258326683442217,-6.933894019342014e-05,0.0,39321.0,-5.3310992378267685e-05,0.0,0
0.39326491575604217,0.19975904478691797,1032.0,37581.0,0.21949659418530282,-6.933894019337208e-05,0.0,39321.0,-5.3310992378267685e-05,0.0,0
0.39029191151994264,0.19975904478691797,1033.0,37581.0,0.21652358994920326,-6.933894019341273e-05,0.0,39321.0,-5.3310992378267685e-05,0.0,0
0.38742355041694715,0.19975904478691797,1034.0,37581.0,0.2136552288462078,-6.933894019340842e-05,0.0,39321.0,-5.3310992378267685e-05,0.0,0
0.38465164820841646,0.19975904478691797,1035.0,37581.0,0.21088332663767706,-6.933894019330916e-05,0.0,39321.0,-5.3310992378267685e-05,0.0,0
0.3819687818386865,0.19975904478691797,1036.0,37581.0,0.20820046026794717,-6.93389401933521e-05,0.0,39321.0,-5.3310992378267685e-05,0.0,0
0.37936821717454416,0.19975904478691797,1037.0,37581.0,0.20559989560380482,-6.933894019338124e-05,0.0,39321.0,-5.3310992378267685e-05,0.0,0
0.37684384361945983,0.19975904478691797,1038.0,37581.0,0.20307552204872048,-6.933894019336125e-05,0.0,39321.0,-5.3310992378267685e-05,0.0,0
0.37439011494837104,0.19975904478691797,1039.0,37581.0,0.20062179337763175,-6.933894019349355e-05,0.0,39321.0,-5.3310992378267685e-05,0.0,0
0.37200199577106974,0.19975904478691797,1040.0,37581.0,0.19823367420033042,-6.933894019339034e-05,0.0,39321.0,-5.3310992378267685e-05,0.0,0
0.3696749130885748,0.19975904478691797,1041.0,37581.0,0.19590659151783538,-6.933894019333972e-05,0.0,39321.0,-5.3310992378267685e-05,0.0,0
0.3674047124578478,0.19975904478691797,1042.0,37581.0,0.1936363908871085,-6.933894019339389e-05,0.0,39321.0,-5.3310992378267685e-05,0.0,0
0.36518761832632524,0.19975904478691797,1043.0,37581.0,0.1914192967555859,-6.9338940193353e-05,0.0,39321.0,-5.3310992378267685e-05,0.0,0
0.36302019813947234,0.19975904478691797,1044.0,37581.0,0.18925187656873302,-6.933894019334705e-05,0.0,39321.0,-5.3310992378267685e-05,0.0,0
0.3608993298623266,0.19975904478691797,1045.0,37581.0,0.18713100829158727,-6.93389401933886e-05,0.0,39321.0,-5.3310992378267685e-05,0.0,0
0.3588221725901613,0.19975904478691797,1046.0,37581.0,0.18505385101942196,-6.933894019332525e-05,0.0,39321.0,-5.3310992378267685e-05,0.0,0
0.3567861399543172,0.19975904478691797,1047.0,37581.0,0.18301781838357775,-6.933894019327198e-05,0.0,39321.0,-5.3310992378267685e-05,0.0,0
0.35478887605722265,0.19975904478691797,1048.0,37581.0,0.18102055448648333,-6.933894019337683e-05,0.0,39321.0,-5.3310992378267685e-05,0.0,0
0.35282823369593463,0.19975904478691797,1049.0,37581.0,0.17905991212519526,-6.933894019335696e-05,0.0,39321.0,-5.3310992378267685e-05,0.0,0
0.3509022546564327,0.19975904478691797,1050.0,37581.0,0.17713393308569333,-6.933894019333281e-05,0.0,39321.0,-5.3310992378267685e-05,0.0,0
0.34887689856826365,0.19962679147355647,1051.0,37594.0,0.1752408303108858,-6.933894019345867e-05,0.0,39321.0,-5.3310992378267685e-05,0.0,0
0.34683285746839304,0.19944460892053606,1052.0,37612.0,0.1733789717640357,-6.93389401934674e-05,0.0,39321.0,-5.3310992378267685e-05,0.0,0
0.34481968324128043,0.19926354063117982,1053.0,37630.0,0.1715468658262792,-6.933894019336314e-05,0.0,39321.0,-5.3310992378267685e-05,0.0,0
0.3428759069089105,0.19912348204282254,1054.0,37644.0,0.1697431480822666,-6.933894019338797e-05,0.0,39321.0,-5.3310992378267685e-05,0.0,0
0.3409898918995231,0.19901404575386172,1055.0,37655.0,0.16796656936184,-6.933894019343493e-05,0.0,39321.0,-5.3310992378267685e-05,0.0,0
0.33908091004863405,0.198855648346575,1056.0,37671.0,0.16621598491823777,-6.933894019348579e-05,0.0,39321.0,-5.3310992378267685e-05,0.0,0
0.3372371458977252,0.19873752447922186,1057.0,37683.0,0.16449034463468193,-6.933894019330217e-05,0.0,39321.0,-5.3310992378267685e-05,0.0,0
0.33535946375691883,0.1985615028115944,1058.0,37701.0,0.16278868416150302,-6.933894019334517e-05,0.0,39321.0,-5.3310992378267685e-05,0.0,0
0.3335933164947288,0.19847392281564563,1059.0,37710.0,0.16111011689526186,-6.933894019344238e-05,0.0,39321.0,-5.3310992378267685e-05,0.0,0
0.3317434005592473,0.19828029705566982,1060.0,37730.0,0.15945382671975608,-6.93389401933346e-05,0.0,39321.0,-5.3310992378267685e-05,0.0,0
0.3300026784600655,0.19817434023982075,1061.0,37741.0,0.15781906143642346,-6.933894019349243e-05,0.0,39321.0,-5.3310992378267685e-05,0.0,0
0.32823553166964736,0.198021128067276,1062.0,37757.0,0.15620512681855,-6.933894019340004e-05,0.0,39321.0,-5.3310992378267685e-05,0.0,0
0.3265465419694373,0.197925883955682,1063.0,37767.0,0.15461138122993387,-6.933894019339534e-05,0.0,39321.0,-5.3310992378267685e-05,0.0,0
0.3247828120433972,0.1977363045052717,1064.0,37787.0,0.15303723075430428,-6.933894019351438e-05,0.0,39321.0,-5.3310992378267685e-05,0.0,0
0.323114591583161,0.19762319001243692,1065.0,37799.0,0.15148212478690276,-6.933894019340701e-05,0.0,39321.0,-5.3310992378267685e-05,0.0,0
0.3214714631623348,0.19751663433425262,1066.0,37812.0,0.14994555204426094,-6.933894019346355e-05,0.0,39321.0,-5.3310992378267685e-05,0.0,0
0.3197298701283083,0.19729355639209697,1067.0,37840.0,0.14842703695239004,-6.93389401934665e-05,0.0,39321.0,-5.3310992378267685e-05,0.0,0
0.31806486581509147,0.19712945265388485,1068.0,37863.0,0.1469261363773853,-6.933894019340645e-05,0.0,39321.0,-5.3310992378267685e-05,0.0,0
0.3164691622006602,0.19701744875096605,1069.0,37878.0,0.1454424366658727,-6.93389401933921e-05,0.0,39321.0,-5.3310992378267685e-05,0.0,0
0.3148432051024945,0.19685837735284736,1070.0,37899.0,0.14397555096582576,-6.933894019335785e-05,0.0,39321.0,-5.3310992378267685e-05,0.0,0
0.3131982619714401,0.19666386838653532,1071.0,37926.0,0.1425251168010834,-6.933894019342826e-05,0.0,39321.0,-5.3310992378267685e-05,0.0,0
0.3116250482125412,0.19652497755327997,1072.0,37947.0,0.14109079387543996,-6.93389401935008e-05,0.0,39321.0,-5.3310992378267685e-05,0.0,0
0.31006628894445754,0.19638475007616465,1073.0,37967.0,0.13967226208447153,-6.933894019339317e-05,0.0,39321.0,-5.3310992378267685e-05,0.0,0
0.3084536431374714,0.1961751466383069,1074.0,37996.0,0.13826921971534328,-6.933894019351776e-05,0.0,39321.0,-5.3310992378267685e-05,0.0,0
0.3069139604274127,0.19602330182687072,1075.0,38015.0,0.13688138181672058,-6.933894019339716e-05,0.0,39321.0,-5.3310992378267685e-05,0.0,0
0.3053920468716404,0.1958742913652104,1076.0,38035.0,0.13550847872260868,-6.933894019350063e-05,0.0,39321.0,-5.3310992378267685e-05,0.0,0
0.30382864438273344,0.19566911288342806,1077.0,38061.0,0.13415025471548403,-6.933894019343337e-05,0.0,39321.0,-5.3310992378267685e-05,0.0,0
0.30232163164263315,0.1955058880433371,1078.0,38084.0,0.13280646681547473,-6.93389401934116e-05,0.0,39321.0,-5.3310992378267685e-05,0.0,0
0.3008591352723939,0.19537297480496724,1079.0,38102.0,0.13147688368360533,-6.933894019346306e-05,0.0,39321.0,-5.3310992378267685e-05,0.0,0
0.2994394351854476,0.19526887377336183,1080.0,38118.0,0.13016128462826437,-6.933894019337841e-05,0.0,39321.0,-5.3310992378267685e-05,0.0,0
0.2980720071623707,0.195203271673468,1081.0,38128.0,0.1288594587050813,-6.933894019338564e-05,0.0,39321.0,-5.3310992378267685e-05,0.0,0
0.29666847121864953,0.19508799053349157,1082.0,38145.0,0.12757120390133656,-6.93389401933621e-05,0.0,39321.0,-5.3310992378267685e-05,0.0,0
0.29526158027596044,0.19495597709526805,1083.0,38164.0,0.12629632639687102,-6.93389401934113e-05,0.0,39321.0,-5.3310992378267685e-05,0.0,0
0.2938958325397983,0.19485191586175105,1084.0,38179.0,0.12503463989422586,-6.933894019342563e-05,0.0,39321.0,-5.3310992378267685e-05,0.0,0
0.29254163795031546,0.19474639615505795,1085.0,38193.0,0.12378596501143616,-6.933894019343788e-05,0.0,39321.0,-5.3310992378267685e-05,0.0,0
0.2911787837384629,0.1946193782231156,1086.0,38210.0,0.12255012873152607,-6.933894019349177e-05,0.0,39321.0,-5.3310992378267685e-05,0.0,0
0.28986142777677665,0.19452518708963415,1087.0,38224.0,0.12132696390332115,-6.933894019341552e-05,0.0,39321.0,-5.3310992378267685e-05,0.0,0
0.28850005869714934,0.1943744731246227,1088.0,38246.0,0.12011630878870523,-6.933894019338339e-05,0.0,39321.0,-5.3310992378267685e-05,0.0,0
0.28716847998886774,0.1942411965531353,1089.0,38266.0,0.1189180066519111,-6.933894019340137e-05,0.0,39321.0,-5.3310992378267685e-05,0.0,0
0.2858812126377663,0.19414003046708786,1090.0,38281.0,0.11773190538685716,-6.933894019350379e-05,0.0,39321.0,-5.3310992378267685e-05,0.0,0
0.28457962477940624,0.19401249081666552,1091.0,38298.0,0.11655785717891931,-6.933894019341598e-05,0.0,39321.0,-5.3310992378267685e-05,0.0,0
0.28331329965925195,0.1939083046775602,1092.0,38310.0,0.11539571819787037,-6.933894019342964e-05,0.0,39321.0,-5.3310992378267685e-05,0.0,0
0.28098985745610183,0.1927352323532478,1093.0,38392.0,0.11424534831903271,-6.933894019344989e-05,0.0,39321.0,-5.3310992378267685e-05,0.0,0
0.2785654379411106,0.19144955028732139,1094.0,38482.0,0.11310661086996783,-6.93389401933791e-05,0.0,39321.0,-5.3310992378267685e-05,0.0,0
0.2762598643550208,0.19027121517091508,1095.0,38562.0,0.11197937240028435,-6.933894019338753e-05,0.0,39321.0,-5.3310992378267685e-05,0.0,0
0.2740168479011859,0.1891440686449925,1096.0,38642.0,0.11086350247237202,-6.933894019339369e-05,0.0,39321.0,-5.3310992378267685e-05,0.0,0
0.2720551176149163,0.1882869673600124,1097.0,38698.0,0.10975887347108258,-6.93389401934332e-05,0.0,39321.0,-5.3310992378267685e-05,0.0,0
0.2703719383733593,0.1876973011589762,1098.0,38739.0,0.10866536043056166,-6.933894019334003e-05,0.0,39321.0,-5.3310992378267685e-05,0.0,0
0.2684846430720999,0.1868925254116671,1099.0,38789.0,0.1075828408766115,-6.933894019346352e-05,0.0,39321.0,-5.3310992378267685e-05,0.0,0
0.2669770568087406,0.18645658534180556,1100.0,38813.0,0.10651119468311364,-6.93389401933803e-05,0.0,39321.0,-5.3310992378267685e-05,0.0,0
0.2655007978354574,0.1860412171104508,1101.0,38836.0,0.10545030394118518,-6.933894019333876e-05,0.0,39321.0,-5.3310992378267685e-05,0.0,0
0.26378603346423124,0.18537670384054597,1102.0,38873.0,0.10440005283986384,-6.933894019333599e-05,0.0,39321.0,-5.3310992378267685e-05,0.0,0
0.2620503793716903,0.18468077503063252,1103.0,38912.0,0.10336032755723645,-6.9338940193479e-05,0.0,39321.0,-5.3310992378267685e-05,0.0,0
0.26029465312507555,0.1839543601802306,1104.0,38953.0,0.10233101616102351,-6.933894019331883e-05,0.0,39321.0,-5.3310992378267685e-05,0.0,0
0.25876509068993264,0.1834438053883803,1105.0,38982.0,0.10131200851773096,-6.933894019339547e-05,0.0,39321.0,-5.3310992378267685e-05,0.0,0
0.25726621613649014,0.1829537431431072,1106.0,39010.0,0.1003031962095615,-6.93389401933396e-05,0.0,39321.0,-5.3310992378267685e-05,0.0,0
0.2557279738186642,0.18241422457648587,1107.0,39041.0,0.09930447245835687,-6.933894019334736e-05,0.0,39321.0,-5.3310992378267685e-05,0.0,0
0.25430676439127115,0.1819817555515402,1108.0,39066.0,0.09831573205590964,-6.933894019345151e-05,0.0,39321.0,-5.3310992378267685e-05,0.0,0
0.25300083055961026,0.1816546824757409,1109.0,39085.0,0.09733687130004795,-6.933894019336707e-05,0.0,39321.0,-5.3310992378267685e-05,0.0,0
0.2515179627067322,0.18114089798695873,1110.0,39115.0,0.09636778793595199,-6.933894019329665e-05,0.0,39321.0,-5.3310992378267685e-05,0.0,0
0.2501159786384733,0.18069832075243925,1111.0,39141.0,0.09540838110221259,-6.933894019334052e-05,0.0,39321.0,-5.3310992378267685e-05,0.0,0
0.24874334692578753,0.18027551886077683,1112.0,39166.0,0.09445855128118935,-6.9338940193415e-05,0.0,39321.0,-5.3310992378267685e-05,0.0,0
0.24743262802574778,0.1799051509886587,1113.0,39188.0,0.09351820025326764,-6.933894019331606e-05,0.0,39321.0,-5.3310992378267685e-05,0.0,0
0.2460997599713067,0.1795032521328344,1114.0,39212.0,0.09258723105465097,-6.933894019344169e-05,0.0,39321.0,-5.3310992378267685e-05,0.0,0
0.24447908690408693,0.17880426218190446,1115.0,39254.0,0.09166554793836103,-6.933894019327852e-05,0.0,39321.0,-5.3310992378267685e-05,0.0,0
0.2432357741561725,0.17847344103420304,1116.0,39274.0,0.09075305633814809,-6.93389401934235e-05,0.0,39321.0,-5.3310992378267685e-05,0.0,0
0.24159232392651644,0.17773338430765237,1117.0,39319.0,0.0898496628350426,-6.933894019333082e-05,0.0,39321.0,-5.3310992378267685e-05,0.0,0
0.24020760328395527,0.17724305137382917,1118.0,39349.0,0.08895527512630465,-6.93389401933753e-05,0.0,39321.0,-5.3310992378267685e-05,0.0,0
0.23906214131729814,0.17698306253692603,1119.0,39365.0,0.08806980199655079,-6.93389401934239e-05,0.0,39321.0,-5.3310992378267685e-05,0.0,0
0.2378618833710325,0.17665945329635216,1120.0,39385.0,0.08719315329085897,-6.933894019336429e-05,0.0,39321.0,-5.3310992378267685e-05,0.0,0
0.23659156368074818,0.17625704700725578,1121.0,39410.0,0.086325239889671,-6.933894019338656e-05,0.0,39321.0,-5.3310992378267685e-05,0.0,0
0.23541209366916196,0.17593684320001188,1122.0,39430.0,0.08546597368532871,-6.93389401934004e-05,0.0,39321.0,-5.3310992378267685e-05,0.0,0
0.2344020346104241,0.17577749026650644,1123.0,39440.0,0.08461526756009626,-6.933894019333365e-05,0.0,39321.0,-5.3310992378267685e-05,0.0,0
0.23314744202520393,0.17536512987584835,1124.0,39466.0,0.08377303536553414,-6.933894019330668e-05,0.0,39321.0,-5.3310992378267685e-05,0.0,0
0.23210838792184896,0.17515991923492308,1125.0,39479.0,0.08293919190310456,-6.933894019342994e-05,0.0,39321.0,-5.3310992378267685e-05,0.0,0
0.23100006185950223,0.17487713216978412,1126.0,39497.0,0.08211365290589673,-6.933894019341541e-05,0.0,39321.0,-5.3310992378267685e-05,0.0,0
0.22980772363343693,0.17450211182824102,1127.0,39521.0,0.08129633502137448,-6.9338940193379e-05,0.0,39321.0,-5.3310992378267685e-05,0.0,0
0.22874976089412455,0.17425332831524862,1128.0,39537.0,0.08048715579505449,-6.933894019332961e-05,0.0,39321.0,-5.3310992378267685e-05,0.0,0
0.2277472744626116,0.17405196402375536,1129.0,39550.0,0.07968603365503481,-6.933894019336643e-05,0.0,39321.0,-5.3310992378267685e-05,0.0,0
0.22659965817163902,0.17369749349051883,1130.0,39573.0,0.07889288789729886,-6.933894019343224e-05,0.0,39321.0,-5.3310992378267685e-05,0.0,0
0.2254464549359186,0.17332953948036806,1131.0,39597.0,0.07810763867172911,-6.93389401933635e-05,0.0,39321.0,-5.3310992378267685e-05,0.0,0
0.2243333582148306,0.17299387446224088,1132.0,39619.0,0.0773302069687683,-6.933894019335864e-05,0.0,39321.0,-5.3310992378267685e-05,0.0,0
0.22333592773953007,0.17276613634903384,1133.0,39634.0,0.0765605146066748,-6.933894019338566e-05,0.0,39321.0,-5.3310992378267685e-05,0.0,0
0.22242260649798384,0.172614845494841,1134.0,39644.0,0.07579848421932145,-6.933894019335875e-05,0.0,39321.0,-5.3310992378267685e-05,0.0,0
0.221382071294957,0.17232875526664257,1135.0,39663.0,0.07504403924449304,-6.933894019342772e-05,0.0,39321.0,-5.3310992378267685e-05,0.0,0
0.22039524989955925,0.17208886920309602,1136.0,39679.0,0.07429710391264177,-6.933894019335834e-05,0.0,39321.0,-5.3310992378267685e-05,0.0,0
0.21938717226586177,0.17182029224597725,1137.0,39697.0,0.07355760323606314,-6.933894019337113e-05,0.0,39321.0,-5.3310992378267685e-05,0.0,0
0.21838762576940018,0.1715528859871197,1138.0,39715.0,0.07282546299845913,-6.933894019341079e-05,0.0,39321.0,-5.3310992378267685e-05,0.0,0
0.21733757124993863,0.17122768472125874,1139.0,39737.0,0.07210060974485841,-6.933894019333414e-05,0.0,39321.0,-5.3310992378267685e-05,0.0,0
0.21650218678194505,0.1711099392262584,1140.0,39745.0,0.07138297077186523,-6.9338940193324e-05,0.0,39321.0,-5.3310992378267685e-05,0.0,0
0.21567433173538839,0.17099258083335447,1141.0,39753.0,0.07067247411821256,-6.933894019341143e-05,0.0,39321.0,-5.3310992378267685e-05,0.0,0
0.21476656530969213,0.17078823997027417,1142.0,39767.0,0.06996904855559656,-6.933894019337902e-05,0.0,39321.0,-5.3310992378267685e-05,0.0,0
0.21379394881351493,0.1705120484499218,1143.0,39786.0,0.06927262357977174,-6.933894019337936e-05,0.0,39321.0,-5.3310992378267685e-05,0.0,0
0.21275729322793593,0.17016488704222646,1144.0,39810.0,0.06858312940188807,-6.933894019334503e-05,0.0,39321.0,-5.3310992378267685e-05,0.0,0
0.21184409321639713,0.16993431949252255,1145.0,39826.0,0.06790049694005319,-6.933894019337908e-05,0.0,39321.0,-5.3310992378267685e-05,0.0,0
0.21099610830195262,0.16976217370702723,1146.0,39838.0,0.06722465781110395,-6.93389401933731e-05,0.0,39321.0,-5.3310992378267685e-05,0.0,0
0.21021264699889192,0.16964782589249675,1147.0,39846.0,0.06655554432257374,-6.933894019334269e-05,0.0,39321.0,-5.3310992378267685e-05,0.0,0
0.20940781513085396,0.16950544888219038,1148.0,39856.0,0.06589308946484213,-6.93389401933563e-05,0.0,39321.0,-5.3310992378267685e-05,0.0,0
0.20863843826208575,0.16939193457480833,1149.0,39864.0,0.06523722690345607,-6.933894019341125e-05,0.0,39321.0,-5.3310992378267685e-05,0.0,0
0.20772074126992598,0.16912357351449314,1150.0,39883.0,0.06458789097161147,-6.933894019337959e-05,0.0,39321.0,-5.3310992378267685e-05,0.0,0
0.20678268071958897,0.16882838727298186,1151.0,39904.0,0.06394501666278574,-6.933894019338589e-05,0.0,39321.0,-5.3310992378267685e-05,0.0,0
0.20597820691496824,0.16866039050763407,1152.0,39916.0,0.0633085396235127,-6.933894019332134e-05,0.0,39321.0,-5.3310992378267685e-05,0.0,0
0.2051668279918372,0.1684791550617242,1153.0,39929.0,0.0626783961462915,-6.933894019336978e-05,0.0,39321.0,-5.3310992378267685e-05,0.0,0
0.20440408789482398,0.16834028794837974,1154.0,39939.0,0.06205452316262281,-6.933894019333157e-05,0.0,39321.0,-5.3310992378267685e-05,0.0,0
0.20353737127332044,0.16809123625333405,1155.0,39957.0,0.061436858236165,-6.933894019338219e-05,0.0,39321.0,-5.3310992378267685e-05,0.0,0
0.2027328672421632,0.1678982509023368,1156.0,39971.0,0.06082533955600503,-6.933894019340438e-05,0.0,39321.0,-5.3310992378267685e-05,0.0,0
0.20181188328408603,0.16758270057022687,1157.0,39994.0,0.06021990593003775,-6.93389401933313e-05,0.0,39321.0,-5.3310992378267685e-05,0.0,0
0.20111679753881165,0.1674870239765412,1158.0,40001.0,0.059620496778449085,-6.933894019341125e-05,0.0,39321.0,-5.3310992378267685e-05,0.0,0
0.200428025942478,0.1673916970313584,1159.0,40008.0,0.05902705212729822,-6.933894019339843e-05,0.0,39321.0,-5.3310992378267685e-05,0.0,0
0.19965045531912662,0.16720166593311053,1160.0,40022.0,0.05843951260219466,-6.933894019337122e-05,0.0,39321.0,-5.3310992378267685e-05,0.0,0
0.1989470688322134,0.16707997262632587,1161.0,40031.0,0.0578578194220661,-6.933894019339005e-05,0.0,39321.0,-5.3310992378267685e-05,0.0,0
0.1982633312769488,0.16697214010011355,1162.0,40039.0,0.05728191439301384,-6.933894019332218e-05,0.0,39321.0,-5.3310992378267685e-05,0.0,0
0.1975588731954589,0.1668378565093854,1163.0,40049.0,0.05671173990225208,-6.933894019338237e-05,0.0,39321.0,-5.3310992378267685e-05,0.0,0
0.1969809736142701,0.16682445791832018,1164.0,40050.0,0.05614723891212855,-6.933894019340957e-05,0.0,39321.0,-5.3310992378267685e-05,0.0,0
0.19642208965636465,0.16682445791832018,1165.0,40050.0,0.05558835495422304,-6.933894019337637e-05,0.0,39321.0,-5.3310992378267685e-05,0.0,0
0.1958687668256637,0.16682445791832018,1166.0,40050.0,0.05503503212352207,-6.933894019336955e-05,0.0,39321.0,-5.3310992378267685e-05,0.0,0
0.19532094977480813,0.16682445791832018,1167.0,40050.0,0.05448721507266652,-6.933894019337065e-05,0.0,39321.0,-5.3310992378267685e-05,0.0,0
0.1947785837084122,0.16682445791832018,1168.0,40050.0,0.0539448490062706,-6.933894019339398e-05,0.0,39321.0,-5.3310992378267685e-05,0.0,0
0.19424161437745166,0.16682445791832018,1169.0,40050.0,0.05340787967531003,-6.933894019334368e-05,0.0,39321.0,-5.3310992378267685e-05,0.0,0
0.19370998807371884,0.16682445791832018,1170.0,40050.0,0.05287625337157723,-6.933894019337318e-05,0.0,39321.0,-5.3310992378267685e-05,0.0,0
0.19318365162434376,0.16682445791832018,1171.0,40050.0,0.0523499169222021,-6.933894019333656e-05,0.0,39321.0,-5.3310992378267685e-05,0.0,0
0.19266255238637833,0.16682445791832018,1172.0,40050.0,0.051828817684236715,-6.93389401933539e-05,0.0,39321.0,-5.3310992378267685e-05,0.0,0
0.1921466382414437,0.16682445791832018,1173.0,40050.0,0.051312903539302124,-6.933894019338515e-05,0.0,39321.0,-5.3310992378267685e-05,0.0,0
0.19163585759043794,0.16682445791832018,1174.0,40050.0,0.050802122888296386,-6.933894019341212e-05,0.0,39321.0,-5.3310992378267685e-05,0.0,0
0.1911301593483034,0.16682445791832018,1175.0,40050.0,0.05029642464616181,-6.93389401933803e-05,0.0,39321.0,-5.3310992378267685e-05,0.0,0
0.19062949293885237,0.16682445791832018,1176.0,40050.0,0.049795758236710785,-6.933894019341286e-05,0.0,39321.0,-5.3310992378267685e-05,0.0,0
0.19013380828965024,0.16682445791832018,1177.0,40050.0,0.04930007358750861,-6.933894019335257e-05,0.0,39321.0,-5.3310992378267685e-05,0.0,0
0.189643055826954,0.16682445791832018,1178.0,40050.0,0.048809321124812385,-6.933894019335615e-05,0.0,39321.0,-5.3310992378267685e-05,0.0,0
0.1891571864707066,0.16682445791832018,1179.0,40050.0,0.04832345176856497,-6.933894019336533e-05,0.0,39321.0,-5.3310992378267685e-05,0.0,0
0.18867615162958443,0.16682445791832018,1180.0,40050.0,0.04784241692744281,-6.933894019336222e-05,0.0,39321.0,-5.3310992378267685e-05,0.0,0
0.18819990319609844,0.16682445791832018,1181.0,40050.0,0.04736616849395689,-6.93389401934243e-05,0.0,39321.0,-5.3310992378267685e-05,0.0,0
0.18772839354174758,0.16682445791832018,1182.0,40050.0,0.04689465883960599,-6.933894019339329e-05,0.0,39321.0,-5.3310992378267685e-05,0.0,0
0.1872615755122226,0.16682445791832018,1183.0,40050.0,0.04642784081008105,-6.933894019340732e-05,0.0,39321.0,-5.3310992378267685e-05,0.0,0
0.18679940242266177,0.16682445791832018,1184.0,40050.0,0.04596566772052017,-6.933894019337463e-05,0.0,39321.0,-5.3310992378267685e-05,0.0,0
0.1863418280529551,0.16682445791832018,1185.0,40050.0,0.04550809335081343,-6.933894019331894e-05,0.0,39321.0,-5.3310992378267685e-05,0.0,0
0.18588880664309818,0.16682445791832018,1186.0,40050.0,0.045055071940956586,-6.933894019341286e-05,0.0,39321.0,-5.3310992378267685e-05,0.0,0
0.18544029288859487,0.16682445791832018,1187.0,40050.0,0.044606558186453274,-6.93389401933756e-05,0.0,39321.0,-5.3310992378267685e-05,0.0,0
0.1849962419359061,0.16682445791832018,1188.0,40050.0,0.04416250723376451,-6.933894019338023e-05,0.0,39321.0,-5.3310992378267685e-05,0.0,0
0.1845566093779472,0.16682445791832018,1189.0,40050.0,0.043722874675805656,-6.933894019341477e-05,0.0,39321.0,-5.3310992378267685e-05,0.0,0
0.18412135124963083,0.16682445791832018,1190.0,40050.0,0.043287616547489235,-6.933894019340392e-05,0.0,39321.0,-5.3310992378267685e-05,0.0,0
0.18369042402345556,0.16682445791832018,1191.0,40050.0,0.04285668932131392,-6.933894019334118e-05,0.0,39321.0,-5.3310992378267685e-05,0.0,0
0.1832637846051399,0.16682445791832018,1192.0,40050.0,0.04243004990299826,-6.933894019333847e-05,0.0,39321.0,-5.3310992378267685e-05,0.0,0
0.18284139032930102,0.16682445791832018,1193.0,40050.0,0.042007655627159426,-6.933894019337394e-05,0.0,39321.0,-5.3310992378267685e-05,0.0,0
0.18242319895517728,0.16682445791832018,1194.0,40050.0,0.041589464253035606,-6.933894019331345e-05,0.0,39321.0,-5.3310992378267685e-05,0.0,0
0.18200916866239378,0.16682445791832018,1195.0,40050.0,0.04117543396025218,-6.933894019336746e-05,0.0,39321.0,-5.3310992378267685e-05,0.0,0
0.18159925804677227,0.16682445791832018,1196.0,40050.0,0.04076552334463068,-6.933894019339664e-05,0.0,39321.0,-5.3310992378267685e-05,0.0,0
0.1811934261161819,0.16682445791832018,1197.0,40050.0,0.0403596914140403,-6.933894019338063e-05,0.0,39321.0,-5.3310992378267685e-05,0.0,0
0.180791632286433,0.16682445791832018,1198.0,40050.0,0.03995789758429141,-6.933894019338768e-05,0.0,39321.0,-5.3310992378267685e-05,0.0,0
0.18039383637721204,0.16682445791832018,1199.0,40050.0,0.03956010167507046,-6.933894019337977e-05,0.0,39321.0,-5.3310992378267685e-05,0.0,0
0.17999999860805752,0.16682445791832018,1200.0,40050.0,0.03916626390591598,-6.933894019343678e-05,0.0,39321.0,-5.3310992378267685e-05,0.0,0
0.17961007959437672,0.16682445791832018,1201.0,40050.0,0.038776344892235116,-6.933894019339317e-05,0.0,39321.0,-5.3310992378267685e-05,0.0,0
0.1792240403435018,0.16682445791832018,1202.0,40050.0,0.038390305641360235,-6.93389401934105e-05,0.0,39321.0,-5.3310992378267685e-05,0.0,0
0.17884184225078673,0.16682445791832018,1203.0,40050.0,0.038008107548645226,-6.933894019347825e-05,0.0,39321.0,-5.3310992378267685e-05,0.0,0
0.1784634470957425,0.16682445791832018,1204.0,40050.0,0.03762971239360095,-6.933894019343747e-05,0.0,39321.0,-5.3310992378267685e-05,0.0,0
0.17808881703821128,0.16682445791832018,1205.0,40050.0,0.03725508233606966,-6.933894019335638e-05,0.0,39321.0,-5.3310992378267685e-05,0.0,0
0.17771791461457911,0.16682445791832018,1206.0,40050.0,0.03688417991243756,-6.933894019342782e-05,0.0,39321.0,-5.3310992378267685e-05,0.0,0
0.17735070273402712,0.16682445791832018,1207.0,40050.0,0.03651696803188551,-6.93389401933793e-05,0.0,39321.0,-5.3310992378267685e-05,0.0,0
0.17698714467481885,0.16682445791832018,1208.0,40050.0,0.036153409972677256,-6.93389401933893e-05,0.0,39321.0,-5.3310992378267685e-05,0.0,0
0.17662720408062627,0.16682445791832018,1209.0,40050.0,0.035793469378484745,-6.933894019346209e-05,0.0,39321.0,-5.3310992378267685e-05,0.0,0
0.17627084495689185,0.16682445791832018,1210.0,40050.0,0.03543711025475028,-6.933894019343453e-05,0.0,39321.0,-5.3310992378267685e-05,0.0,0
0.1759180316672267,0.16682445791832018,1211.0,40050.0,0.03508429696508514,-6.933894019341414e-05,0.0,39321.0,-5.3310992378267685e-05,0.0,0
0.17556872892984554,0.16682445791832018,1212.0,40050.0,0.03473499422770391,-6.93389401933551e-05,0.0,39321.0,-5.3310992378267685e-05,0.0,0
0.17522290181403652,0.16682445791832018,1213.0,40050.0,0.03438916711189495,-6.933894019341206e-05,0.0,39321.0,-5.3310992378267685e-05,0.0,0
0.17488051573666707,0.16682445791832018,1214.0,40050.0,0.03404678103452549,-6.933894019340969e-05,0.0,39321.0,-5.3310992378267685e-05,0.0,0
0.17454153645872386,0.16682445791832018,1215.0,40050.0,0.033707801756582244,-6.933894019335522e-05,0.0,39321.0,-5.3310992378267685e-05,0.0,0
0.17420593008188762,0.16682445791832018,1216.0,40050.0,0.033372195379746054,-6.933894019340479e-05,0.0,39321.0,-5.3310992378267685e-05,0.0,0
0.17387366304514268,0.16682445791832018,1217.0,40050.0,0.03303992834300111,-6.933894019341212e-05,0.0,39321.0,-5.3310992378267685e-05,0.0,0
0.17354470212141934,0.16682445791832018,1218.0,40050.0,0.032710967419277766,-6.933894019340652e-05,0.0,39321.0,-5.3310992378267685e-05,0.0,0
0.17321901441427048,0.16682445791832018,1219.0,40050.0,0.03238527971212885,-6.933894019336302e-05,0.0,39321.0,-5.3310992378267685e-05,0.0,0
0.17289656735458095,0.16682445791832018,1220.0,40050.0,0.032062832652439324,-6.93389401933614e-05,0.0,39321.0,-5.3310992378267685e-05,0.0,0
0.17257732869731013,0.16682445791832018,1221.0,40050.0,0.03174359399516848,-6.933894019334368e-05,0.0,39321.0,-5.3310992378267685e-05,0.0,0
0.17226126651826643,0.16682445791832018,1222.0,40050.0,0.03142753181612484,-6.933894019340172e-05,0.0,39321.0,-5.3310992378267685e-05,0.0,0
0.17194834921091467,0.16682445791832018,1223.0,40050.0,0.03111461450877308,-6.93389401933882e-05,0.0,39321.0,-5.3310992378267685e-05,0.0,0
0.1716385454832144,0.16682445791832018,1224.0,40050.0,0.030804810781072757,-6.933894019335696e-05,0.0,39321.0,-5.3310992378267685e-05,0.0,0
0.1713318243544903,0.16682445791832018,1225.0,40050.0,0.030498089652348737,-6.933894019343094e-05,0.0,39321.0,-5.3310992378267685e-05,0.0,0
0.17102815515233408,0.16682445791832018,1226.0,40050.0,0.030194420450192484,-6.933894019340149e-05,0.0,39321.0,-5.3310992378267685e-05,0.0,0
0.17072750750953605,0.16682445791832018,1227.0,40050.0,0.029893772807394477,-6.933894019340275e-05,0.0,39321.0,-5.3310992378267685e-05,0.0,0
0.17042985136104877,0.16682445791832018,1228.0,40050.0,0.02959611665890715,-6.933894019335071e-05,0.0,39321.0,-5.3310992378267685e-05,0.0,0
0.17013515694097955,0.16682445791832018,1229.0,40050.0,0.029301422238837926,-6.933894019334961e-05,0.0,39321.0,-5.3310992378267685e-05,0.0,0
0.16984339477961394,0.16682445791832018,1230.0,40050.0,0.029009660077472407,-6.933894019343898e-05,0.0,39321.0,-5.3310992378267685e-05,0.0,0
0.1695545357004686,0.16682445791832018,1231.0,40050.0,0.028720800998326988,-6.933894019337215e-05,0.0,39321.0,-5.3310992378267685e-05,0.0,0
0.16926855081737263,0.16682445791832018,1232.0,40050.0,0.028434816115231118,-6.933894019346497e-05,0.0,39321.0,-5.3310992378267685e-05,0.0,0
0.16898541153157984,0.16682445791832018,1233.0,40050.0,0.02815167682943824,-6.933894019337371e-05,0.0,39321.0,-5.3310992378267685e-05,0.0,0
0.16870508952890745,0.16682445791832018,1234.0,40050.0,0.027871354826765875,-6.933894019340472e-05,0.0,39321.0,-5.3310992378267685e-05,0.0,0
0.16842755677690546,0.16682445791832018,1235.0,40050.0,0.027593822074763852,-6.933894019335453e-05,0.0,39321.0,-5.3310992378267685e-05,0.0,0
0.16815278552205254,0.16682445791832018,1236.0,40050.0,0.02731905081991096,-6.933894019340264e-05,0.0,39321.0,-5.3310992378267685e-05,0.0,0
0.167880748286981,0.16682445791832018,1237.0,40050.0,0.027047013584839404,-6.933894019339392e-05,0.0,39321.0,-5.3310992378267685e-05,0.0,0
0.16761141786772848,0.16682445791832018,1238.0,40050.0,0.026777683165586957,-6.933894019345688e-05,0.0,39321.0,-5.3310992378267685e-05,0.0,0
0.16734476733101789,0.16682445791832018,1239.0,40050.0,0.02651103262887629,-6.933894019338745e-05,0.0,39321.0,-5.3310992378267685e-05,0.0,0
0.16708077001156332,0.16682445791832018,1240.0,40050.0,0.02624703530942172,-6.933894019336978e-05,0.0,39321.0,-5.3310992378267685e-05,0.0,0
0.16681939950940386,0.16682445791832018,1241.0,40050.0,0.025985664807262297,-6.933894019342343e-05,0.0,39321.0,-5.3310992378267685e-05,0.0,0
0.16656062968726357,0.16682445791832018,1242.0,40050.0,0.025726894985121946,-6.933894019335124e-05,0.0,39321.0,-5.3310992378267685e-05,0.0,0
0.16630443466793704,0.16682445791832018,1243.0,40050.0,0.02547069996579548,-6.933894019342927e-05,0.0,39321.0,-5.3310992378267685e-05,0.0,0
0.1660507888317025,0.16682445791832018,1244.0,40050.0,0.025217054129560875,-6.933894019336429e-05,0.0,39321.0,-5.3310992378267685e-05,0.0,0
0.16579966681375874,0.16682445791832018,1245.0,40050.0,0.024965932111617135,-6.933894019338145e-05,0.0,39321.0,-5.3310992378267685e-05,0.0,0
0.16555104350168934,0.16682445791832018,1246.0,40050.0,0.024717308799547772,-6.933894019341697e-05,0.0,39321.0,-5.3310992378267685e-05,0.0,0
0.16530489403295112,0.16682445791832018,1247.0,40050.0,0.0244711593308095,-6.933894019335505e-05,0.0,39321.0,-5.3310992378267685e-05,0.0,0
0.16506119379238746,0.16682445791832018,1248.0,40050.0,0.02422745909024588,-6.933894019339103e-05,0.0,39321.0,-5.3310992378267685e-05,0.0,0
0.16481991840976734,0.16682445791832018,1249.0,40050.0,0.023986183707625744,-6.933894019338185e-05,0.0,39321.0,-5.3310992378267685e-05,0.0,0
0.1645810437573478,0.16682445791832018,1250.0,40050.0,0.023747309055206157,-6.933894019333842e-05,0.0,39321.0,-5.3310992378267685e-05,0.0,0
0.16434454594746115,0.16682445791832018,1251.0,40050.0,0.023510811245319528,-6.933894019336302e-05,0.0,39321.0,-5.3310992378267685e-05,0.0,0
0.16411040133012644,0.16682445791832018,1252.0,40050.0,0.023276666627984794,-6.933894019334673e-05,0.0,39321.0,-5.3310992378267685e-05,0.0,0
0.163878586490684,0.16682445791832018,1253.0,40050.0,0.023044851788542427,-6.9338940193415e-05,0.0,39321.0,-5.3310992378267685e-05,0.0,0
0.16364907824745445,0.16682445791832018,1254.0,40050.0,0.02281534354531284,-6.93389401933729e-05,0.0,39321.0,-5.3310992378267685e-05,0.0,0
0.16342185364941986,0.16682445791832018,1255.0,40050.0,0.02258811894727828,-6.933894019340415e-05,0.0,39321.0,-5.3310992378267685e-05,0.0,0
0.16319688997392917,0.16682445791832018,1256.0,40050.0,0.02236315527178759,-6.933894019339808e-05,0.0,39321.0,-5.3310992378267685e-05,0.0,0
0.16297416472442558,0.16682445791832018,1257.0,40050.0,0.02214043002228394,-6.933894019334904e-05,0.0,39321.0,-5.3310992378267685e-05,0.0,0
0.16275365562819674,0.16682445791832018,1258.0,40050.0,0.021919920926055138,-6.933894019338814e-05,0.0,39321.0,-5.3310992378267685e-05,0.0,0
0.16253534063414798,0.16682445791832018,1259.0,40050.0,0.021701605932006336,-6.933894019332819e-05,0.0,39321.0,-5.3310992378267685e-05,0.0,0
0.16231919791059646,0.16682445791832018,1260.0,40050.0,0.02148546320845487,-6.933894019339409e-05,0.0,39321.0,-5.3310992378267685e-05,0.0,0
0.16210520584308863,0.16682445791832018,1261.0,40050.0,0.021271471140947032,-6.933894019337544e-05,0.0,39321.0,-5.3310992378267685e-05,0.0,0
0.16189334303223832,0.16682445791832018,1262.0,40050.0,0.021059608330096673,-6.933894019333148e-05,0.0,39321.0,-5.3310992378267685e-05,0.0,0
0.1616835882915867,0.16682445791832018,1263.0,40050.0,0.02084985358944516,-6.933894019344215e-05,0.0,39321.0,-5.3310992378267685e-05,0.0,0
0.16147592064548433,0.16682445791832018,1264.0,40050.0,0.020642185943342717,-6.933894019337573e-05,0.0,39321.0,-5.3310992378267685e-05,0.0,0
0.16127031932699248,0.16682445791832018,1265.0,40050.0,0.02043658462485089,-6.933894019337538e-05,0.0,39321.0,-5.3310992378267685e-05,0.0,0
0.16106676377580736,0.16682445791832018,1266.0,40050.0,0.02023302907366576,-6.933894019336521e-05,0.0,39321.0,-5.3310992378267685e-05,0.0,0
0.1608652336362035,0.16682445791832018,1267.0,40050.0,0.020031498934061902,-6.933894019337052e-05,0.0,39321.0,-5.3310992378267685e-05,0.0,0
0.16066570875499842,0.16682445791832018,1268.0,40050.0,0.019831974052856815,-6.93389401933774e-05,0.0,39321.0,-5.3310992378267685e-05,0.0,0
0.16046816917953718,0.16682445791832018,1269.0,40050.0,0.019634434477395563,-6.933894019337208e-05,0.0,39321.0,-5.3310992378267685e-05,0.0,0
0.16027259515569708,0.16682445791832018,1270.0,40050.0,0.01943886045355552,-6.93389401934101e-05,0.0,39321.0,-5.3310992378267685e-05,0.0,0
0.16007896712591244,0.16682445791832018,1271.0,40050.0,0.019245232423770832,-6.933894019338444e-05,0.0,39321.0,-5.3310992378267685e-05,0.0,0
0.1598872657272184,0.16682445791832018,1272.0,40050.0,0.0190535310250768,-6.93389401933814e-05,0.0,39321.0,-5.3310992378267685e-05,0.0,0
0.15969747178931498,0.16682445791832018,1273.0,40050.0,0.018863737087173402,-6.933894019341385e-05,0.0,39321.0,-5.3310992378267685e-05,0.0,0
0.15950956633265,0.16682445791832018,1274.0,40050.0,0.01867583163050839,-6.933894019336261e-05,0.0,39321.0,-5.3310992378267685e-05,0.0,0
0.15932353056652082,0.16682445791832018,1275.0,40050.0,0.018489795864379203,-6.933894019337226e-05,0.0,39321.0,-5.3310992378267685e-05,0.0,0
0.15913934588719553,0.16682445791832018,1276.0,40050.0,0.018305611185053916,-6.933894019337486e-05,0.0,39321.0,-5.3310992378267685e-05,0.0,0
0.15895699387605242,0.16682445791832018,1277.0,40050.0,0.018123259173910864,-6.933894019342113e-05,0.0,39321.0,-5.3310992378267685e-05,0.0,0
0.15877645629773837,0.16682445791832018,1278.0,40050.0,0.01794272159559676,-6.93389401933692e-05,0.0,39321.0,-5.3310992378267685e-05,0.0,0
0.15859771509834472,0.16682445791832018,1279.0,40050.0,0.017763980396203135,-6.933894019340195e-05,0.0,39321.0,-5.3310992378267685e-05,0.0,0
0.1584207524036025,0.16682445791832018,1280.0,40050.0,0.017587017701460882,-6.933894019336643e-05,0.0,39321.0,-5.3310992378267685e-05,0.0,0
0.15824555051709455,0.16682445791832018,1281.0,40050.0,0.017411815814952946,-6.933894019339005e-05,0.0,39321.0,-5.3310992378267685e-05,0.0,0
0.1580720919184861,0.16682445791832018,1282.0,40050.0,0.017238357216344476,-6.933894019337862e-05,0.0,39321.0,-5.3310992378267685e-05,0.0,0
0.15790035926177257,0.16682445791832018,1283.0,40050.0,0.01706662455963096,-6.933894019336937e-05,0.0,39321.0,-5.3310992378267685e-05,0.0,0
0.15773033537354508,0.16682445791832018,1284.0,40050.0,0.016896600671403472,-6.93389401933774e-05,0.0,39321.0,-5.3310992378267685e-05,0.0,0
0.157562003251273,0.16682445791832018,1285.0,40050.0,0.016728268549131415,-6.933894019340213e-05,0.0,39321.0,-5.3310992378267685e-05,0.0,0
0.15739534606160374,0.16682445791832018,1286.0,40050.0,0.01656161135946216,-6.93389401934075e-05,0.0,39321.0,-5.3310992378267685e-05,0.0,0
0.15723034713867937,0.16682445791832018,1287.0,40050.0,0.016396612436537786,-6.933894019341529e-05,0.0,39321.0,-5.3310992378267685e-05,0.0,0
0.15706698998247004,0.16682445791832018,1288.0,40050.0,0.016233255280328422,-6.933894019336707e-05,0.0,39321.0,-5.3310992378267685e-05,0.0,0
0.15690525825712387,0.16682445791832018,1289.0,40050.0,0.016071523554982238,-6.933894019335556e-05,0.0,39321.0,-5.3310992378267685e-05,0.0,0
0.15674513578933344,0.16682445791832018,1290.0,40050.0,0.015911401087191863,-6.933894019337538e-05,0.0,39321.0,-5.3310992378267685e-05,0.0,0
0.15658660656671858,0.16682445791832018,1291.0,40050.0,0.015752871864577,-6.933894019341893e-05,0.0,39321.0,-5.3310992378267685e-05,0.0,0
0.15642965473622486,0.16682445791832018,1292.0,40050.0,0.015595920034083234,-6.93389401933558e-05,0.0,39321.0,-5.3310992378267685e-05,0.0,0
0.15627426460253827,0.16682445791832018,1293.0,40050.0,0.015440529900396684,-6.933894019340951e-05,0.0,39321.0,-5.3310992378267685e-05,0.0,0
0.15612042062651602,0.16682445791832018,1294.0,40050.0,0.015286685924374443,-6.933894019340813e-05,0.0,39321.0,-5.3310992378267685e-05,0.0,0
0.15596810742363224,0.16682445791832018,1295.0,40050.0,0.015134372721490647,-6.933894019338191e-05,0.0,39321.0,-5.3310992378267685e-05,0.0,0
0.15581730976243963,0.16682445791832018,1296.0,40050.0,0.01498357506029806,-6.93389401934295e-05,0.0,39321.0,-5.3310992378267685e-05,0.0,0
0.15566801256304644,0.16682445791832018,1297.0,40050.0,0.01483427786090487,-6.933894019341263e-05,0.0,39321.0,-5.3310992378267685e-05,0.0,0
0.15552020089560825,0.16682445791832018,1298.0,40050.0,0.014686466193466662,-6.933894019340836e-05,0.0,39321.0,-5.3310992378267685e-05,0.0,0
0.15537385997883513,0.16682445791832018,1299.0,40050.0,0.01454012527669353,-6.933894019339011e-05,0.0,39321.0,-5.3310992378267685e-05,0.0,0
0.1552289751785134,0.16682445791832018,1300.0,40050.0,0.014395240476371796,-6.933894019338936e-05,0.0,39321.0,-5.3310992378267685e-05,0.0,0
0.15508553200604228,0.16682445791832018,1301.0,40050.0,0.014251797303900662,-6.933894019337336e-05,0.0,39321.0,-5.3310992378267685e-05,0.0,0
0.15494351611698495,0.16682445791832018,1302.0,40050.0,0.014109781414843345,-6.933894019337481e-05,0.0,39321.0,-5.3310992378267685e-05,0.0,0
0.15480291330963417,0.16682445791832018,1303.0,40050.0,0.013969178607492558,-6.933894019337764e-05,0.0,39321.0,-5.3310992378267685e-05,0.0,0
0.15466370952359199,0.16682445791832018,1304.0,40050.0,0.013829974821450394,-6.933894019339138e-05,0.0,39321.0,-5.3310992378267685e-05,0.0,0
0.15452589083836382,0.16682445791832018,1305.0,40050.0,0.013692156136222211,-6.933894019337867e-05,0.0,39321.0,-5.3310992378267685e-05,0.0,0
0.1543894434719663,0.16682445791832018,1306.0,40050.0,0.013555708769824652,-6.933894019336186e-05,0.0,39321.0,-5.3310992378267685e-05,0.0,0
0.15425435377954896,0.16682445791832018,1307.0,40050.0,0.013420619077407334,-6.933894019333691e-05,0.0,39321.0,-5.3310992378267685e-05,0.0,0
0.15412060825203,0.16682445791832018,1308.0,40050.0,0.013286873549888433,-6.933894019341107e-05,0.0,39321.0,-5.3310992378267685e-05,0.0,0
0.15398819351474533,0.16682445791832018,1309.0,40050.0,0.01315445881260373,-6.933894019338503e-05,0.0,39321.0,-5.3310992378267685e-05,0.0,0
0.15385709632611075,0.16682445791832018,1310.0,40050.0,0.013023361623969158,-6.933894019338711e-05,0.0,39321.0,-5.3310992378267685e-05,0.0,0
0.15372730357629813,0.16682445791832018,1311.0,40050.0,0.012893568874156578,-6.933894019343632e-05,0.0,39321.0,-5.3310992378267685e-05,0.0,0
0.1535988022859244,0.16682445791832018,1312.0,40050.0,0.012765067583782859,-6.933894019344018e-05,0.0,39321.0,-5.3310992378267685e-05,0.0,0
0.15347157960475344,0.16682445791832018,1313.0,40050.0,0.012637844902611852,-6.933894019339524e-05,0.0,39321.0,-5.3310992378267685e-05,0.0,0
0.15334562281041106,0.16682445791832018,1314.0,40050.0,0.01251188810826943,-6.933894019335384e-05,0.0,39321.0,-5.3310992378267685e-05,0.0,0
0.15322091930711282,0.16682445791832018,1315.0,40050.0,0.012387184604971194,-6.933894019334685e-05,0.0,39321.0,-5.3310992378267685e-05,0.0,0
0.15309745662440444,0.16682445791832018,1316.0,40050.0,0.012263721922262863,-6.933894019341229e-05,0.0,39321.0,-5.3310992378267685e-05,0.0,0
0.1529752224159149,0.16682445791832018,1317.0,40050.0,0.012141487713773295,-6.933894019337948e-05,0.0,39321.0,-5.3310992378267685e-05,0.0,0
0.15285420445812142,0.16682445791832018,1318.0,40050.0,0.01202046975597978,-6.933894019335188e-05,0.0,39321.0,-5.3310992378267685e-05,0.0,0
0.15273439064912728,0.16682445791832018,1319.0,40050.0,0.011900655946985675,-6.933894019338063e-05,0.0,39321.0,-5.3310992378267685e-05,0.0,0
0.15261576900745183,0.16682445791832018,1320.0,40050.0,0.011782034305310236,-6.933894019339588e-05,0.0,39321.0,-5.3310992378267685e-05,0.0,0
0.152498327670832,0.16682445791832018,1321.0,40050.0,0.01166459296869043,-6.933894019343551e-05,0.0,39321.0,-5.3310992378267685e-05,0.0,0
0.15238205489503634,0.16682445791832018,1322.0,40050.0,0.011548320192894753,-6.93389401934031e-05,0.0,39321.0,-5.3310992378267685e-05,0.0,0
0.1522669390526903,0.16682445791832018,1323.0,40050.0,0.011433204350548691,-6.933894019338393e-05,0.0,39321.0,-5.3310992378267685e-05,0.0,0
0.15215296863211372,0.16682445791832018,1324.0,40050.0,0.011319233929972104,-6.933894019336863e-05,0.0,39321.0,-5.3310992378267685e-05,0.0,0
0.15204013223616955,0.16682445791832018,1325.0,40050.0,0.011206397534027948,-6.933894019337642e-05,0.0,39321.0,-5.3310992378267685e-05,0.0,0
0.1519284185811242,0.16682445791832018,1326.0,40050.0,0.0110946838789826,-6.933894019337208e-05,0.0,39321.0,-5.3310992378267685e-05,0.0,0
0.15181781649551904,0.16682445791832018,1327.0,40050.0,0.010984081793377445,-6.933894019338053e-05,0.0,39321.0,-5.3310992378267685e-05,0.0,0
0.1517083149190534,0.16682445791832018,1328.0,40050.0,0.010874580216911777,-6.933894019335354e-05,0.0,39321.0,-5.3310992378267685e-05,0.0,0
0.15159990290147826,0.16682445791832018,1329.0,40050.0,0.010766168199336675,-6.933894019340333e-05,0.0,39321.0,-5.3310992378267685e-05,0.0,0
0.15149256960150165,0.16682445791832018,1330.0,40050.0,0.010658834899360042,-6.933894019337295e-05,0.0,39321.0,-5.3310992378267685e-05,0.0,0
0.15138630428570404,0.16682445791832018,1331.0,40050.0,0.010552569583562436,-6.933894019337683e-05,0.0,39321.0,-5.3310992378267685e-05,0.0,0
0.1512810963274653,0.16682445791832018,1332.0,40050.0,0.01044736162532373,-6.933894019340033e-05,0.0,39321.0,-5.3310992378267685e-05,0.0,0
0.15117693520590206,0.16682445791832018,1333.0,40050.0,0.010343200503760405,-6.933894019333587e-05,0.0,39321.0,-5.3310992378267685e-05,0.0,0
0.15107381050481514,0.16682445791832018,1334.0,40050.0,0.01024007580267353,-6.933894019338133e-05,0.0,39321.0,-5.3310992378267685e-05,0.0,0
0.1509717119116486,0.16682445791832018,1335.0,40050.0,0.010137977209507034,-6.933894019342396e-05,0.0,39321.0,-5.3310992378267685e-05,0.0,0
0.15087062921645814,0.16682445791832018,1336.0,40050.0,0.01003689451431653,-6.933894019338341e-05,0.0,39321.0,-5.3310992378267685e-05,0.0,0
0.15077055231088984,0.16682445791832018,1337.0,40050.0,0.009936817608748257,-6.933894019339317e-05,0.0,39321.0,-5.3310992378267685e-05,0.0,0
0.15067147118716984,0.16682445791832018,1338.0,40050.0,0.00983773648502826,-6.933894019339728e-05,0.0,39321.0,-5.3310992378267685e-05,0.0,0
0.1505733759371032,0.16682445791832018,1339.0,40050.0,0.009739641234961596,-6.933894019339051e-05,0.0,39321.0,-5.3310992378267685e-05,0.0,0
0.15047625675108314,0.16682445791832018,1340.0,40050.0,0.009642522048941523,-6.93389401933755e-05,0.0,39321.0,-5.3310992378267685e-05,0.0,0
0.1503801039171101,0.16682445791832018,1341.0,40050.0,0.009546369214968493,-6.933894019338607e-05,0.0,39321.0,-5.3310992378267685e-05,0.0,0
0.15028490781982057,0.16682445791832018,1342.0,40050.0,0.009451173117678999,-6.933894019341206e-05,0.0,39321.0,-5.3310992378267685e-05,0.0,0
0.15019065893952557,0.16682445791832018,1343.0,40050.0,0.00935692423738396,-6.933894019337734e-05,0.0,39321.0,-5.3310992378267685e-05,0.0,0
0.15009734785125844,0.16682445791832018,1344.0,40050.0,0.009263613149116817,-6.933894019336071e-05,0.0,39321.0,-5.3310992378267685e-05,0.0,0
0.15000496522383258,0.16682445791832018,1345.0,40050.0,0.009171230521690976,-6.933894019337849e-05,0.0,39321.0,-5.3310992378267685e-05,0.0,0
0.1499135018189083,0.16682445791832018,1346.0,40050.0,0.009079767116766717,-6.933894019340374e-05,0.0,39321.0,-5.3310992378267685e-05,0.0,0
0.1498229484900689,0.16682445791832018,1347.0,40050.0,0.008989213787927325,-6.93389401933804e-05,0.0,39321.0,-5.3310992378267685e-05,0.0,0
0.14973329618190603,0.16682445791832018,1348.0,40050.0,0.00889956147976444,-6.933894019339618e-05,0.0,39321.0,-5.3310992378267685e-05,0.0,0
0.14964453592911414,0.16682445791832018,1349.0,40050.0,0.008810801226972568,-6.933894019341986e-05,0.0,39321.0,-5.3310992378267685e-05,0.0,0
0.14955665885559405,0.16682445791832018,1350.0,40050.0,0.008722924153452428,-6.933894019337157e-05,0.0,39321.0,-5.3310992378267685e-05,0.0,0
0.14946965617356506,0.16682445791832018,1351.0,40050.0,0.008635921471423459,-6.933894019338469e-05,0.0,39321.0,-5.3310992378267685e-05,0.0,0
0.1493835191826865,0.16682445791832018,1352.0,40050.0,0.008549784480544942,-6.933894019342667e-05,0.0,39321.0,-5.3310992378267685e-05,0.0,0
0.14929823926918762,0.16682445791832018,1353.0,40050.0,0.008464504567046007,-6.933894019337856e-05,0.0,39321.0,-5.3310992378267685e-05,0.0,0
0.14921380790500585,0.16682445791832018,1354.0,40050.0,0.008380073202864269,-6.933894019339144e-05,0.0,39321.0,-5.3310992378267685e-05,0.0,0
0.1491302166469345,0.16682445791832018,1355.0,40050.0,0.008296481944792895,-6.933894019338704e-05,0.0,39321.0,-5.3310992378267685e-05,0.0,0
0.14904745713577805,0.16682445791832018,1356.0,40050.0,0.008213722433636472,-6.933894019340132e-05,0.0,39321.0,-5.3310992378267685e-05,0.0,0
0.1489655210955165,0.16682445791832018,1357.0,40050.0,0.00813178639337488,-6.933894019334979e-05,0.0,39321.0,-5.3310992378267685e-05,0.0,0
0.1488844003324774,0.16682445791832018,1358.0,40050.0,0.00805066563033583,-6.933894019341281e-05,0.0,39321.0,-5.3310992378267685e-05,0.0,0
0.14880408673451703,0.16682445791832018,1359.0,40050.0,0.00797035203237541,-6.93389401933707e-05,0.0,39321.0,-5.3310992378267685e-05,0.0,0
0.14872457227020847,0.16682445791832018,1360.0,40050.0,0.007890837568066906,-6.933894019343344e-05,0.0,39321.0,-5.3310992378267685e-05,0.0,0
0.1486458489880392,0.16682445791832018,1361.0,40050.0,0.007812114285897615,-6.933894019339133e-05,0.0,39321.0,-5.3310992378267685e-05,0.0,0
0.1485679090156153,0.16682445791832018,1362.0,40050.0,0.0077341743134737165,-6.933894019339051e-05,0.0,39321.0,-5.3310992378267685e-05,0.0,0
0.14849074455887462,0.16682445791832018,1363.0,40050.0,0.007657009856733027,-6.933894019340016e-05,0.0,39321.0,-5.3310992378267685e-05,0.0,0
0.14841434790130714,0.16682445791832018,1364.0,40050.0,0.00758061319916556,-6.933894019339935e-05,0.0,39321.0,-5.3310992378267685e-05,0.0,0
0.14833871140318355,0.16682445791832018,1365.0,40050.0,0.007504976701041888,-6.933894019331878e-05,0.0,39321.0,-5.3310992378267685e-05,0.0,0
0.14826382750079078,0.16682445791832018,1366.0,40050.0,0.0074300927986491955,-6.933894019339335e-05,0.0,39321.0,-5.3310992378267685e-05,0.0,0
0.14818968870567645,0.16682445791832018,1367.0,40050.0,0.007355954003534812,-6.93389401933599e-05,0.0,39321.0,-5.3310992378267685e-05,0.0,0
0.14811628760389903,0.16682445791832018,1368.0,40050.0,0.007282552901757456,-6.933894019340767e-05,0.0,39321.0,-5.3310992378267685e-05,0.0,0
0.14804361685528736,0.16682445791832018,1369.0,40050.0,0.0072098821531457755,-6.933894019340951e-05,0.0,39321.0,-5.3310992378267685e-05,0.0,0
0.14797166919270593,0.16682445791832018,1370.0,40050.0,0.007137934490564359,-6.93389401934112e-05,0.0,39321.0,-5.3310992378267685e-05,0.0,0
0.14790043742132858,0.16682445791832018,1371.0,40050.0,0.007066702719186985,-6.933894019338099e-05,0.0,39321.0,-5.3310992378267685e-05,0.0,0
0.14782991441791873,0.16682445791832018,1372.0,40050.0,0.006996179715777151,-6.933894019341247e-05,0.0,39321.0,-5.3310992378267685e-05,0.0,0
0.14776009313011731,0.16682445791832018,1373.0,40050.0,0.006926358427975757,-6.933894019343505e-05,0.0,39321.0,-5.3310992378267685e-05,0.0,0
0.1476909665757374,0.16682445791832018,1374.0,40050.0,0.006857231873595832,-6.933894019340548e-05,0.0,39321.0,-5.3310992378267685e-05,0.0,0
0.14762252784206595,0.16682445791832018,1375.0,40050.0,0.006788793139924338,-6.933894019336817e-05,0.0,39321.0,-5.3310992378267685e-05,0.0,0
0.14755477008517248,0.16682445791832018,1376.0,40050.0,0.006721035383030877,-6.933894019337497e-05,0.0,39321.0,-5.3310992378267685e-05,0.0,0
0.14748768652922487,0.16682445791832018,1377.0,40050.0,0.006653951827083285,-6.933894019340484e-05,0.0,39321.0,-5.3310992378267685e-05,0.0,0
0.1474212704658117,0.16682445791832018,1378.0,40050.0,0.00658753576367007,-6.933894019337325e-05,0.0,39321.0,-5.3310992378267685e-05,0.0,0
0.14735551525327115,0.16682445791832018,1379.0,40050.0,0.006521780551129535,-6.933894019336227e-05,0.0,39321.0,-5.3310992378267685e-05,0.0,0
0.14729041431602727,0.16682445791832018,1380.0,40050.0,0.006456679613885644,-6.933894019337412e-05,0.0,39321.0,-5.3310992378267685e-05,0.0,0
0.14722596114393194,0.16682445791832018,1381.0,40050.0,0.0063922264417904115,-6.933894019345128e-05,0.0,39321.0,-5.3310992378267685e-05,0.0,0
0.1471621492916145,0.16682445791832018,1382.0,40050.0,0.006328414589472913,-6.933894019339751e-05,0.0,39321.0,-5.3310992378267685e-05,0.0,0
0.14709897237783637,0.16682445791832018,1383.0,40050.0,0.006265237675694758,-6.933894019337162e-05,0.0,39321.0,-5.3310992378267685e-05,0.0,0
0.14703642408485346,0.16682445791832018,1384.0,40050.0,0.00620268938271191,-6.933894019343505e-05,0.0,39321.0,-5.3310992378267685e-05,0.0,0
0.14697449815778454,0.16682445791832018,1385.0,40050.0,0.00614076345564294,-6.933894019337036e-05,0.0,39321.0,-5.3310992378267685e-05,0.0,0
0.14691318840398512,0.16682445791832018,1386.0,40050.0,0.006079453701843547,-6.933894019340004e-05,0.0,39321.0,-5.3310992378267685e-05,0.0,0
0.1468524886924288,0.16682445791832018,1387.0,40050.0,0.006018753990287259,-6.933894019341229e-05,0.0,39321.0,-5.3310992378267685e-05,0.0,0
0.14679239295309396,0.16682445791832018,1388.0,40050.0,0.00595865825095233,-6.933894019334368e-05,0.0,39321.0,-5.3310992378267685e-05,0.0,0
0.14673289517635635,0.16682445791832018,1389.0,40050.0,0.005899160474214762,-6.933894019341176e-05,0.0,39321.0,-5.3310992378267685e-05,0.0,0
0.14667398941238888,0.16682445791832018,1390.0,40050.0,0.005840254710247268,-6.933894019338711e-05,0.0,39321.0,-5.3310992378267685e-05,0.0,0
0.14661566977056595,0.16682445791832018,1391.0,40050.0,0.005781935068424394,-6.93389401934388e-05,0.0,39321.0,-5.3310992378267685e-05,0.0,0
0.14655793041887494,0.16682445791832018,1392.0,40050.0,0.005724195716733344,-6.933894019339595e-05,0.0,39321.0,-5.3310992378267685e-05,0.0,0
0.14650076558333242,0.16682445791832018,1393.0,40050.0,0.005667030881190832,-6.933894019339981e-05,0.0,39321.0,-5.3310992378267685e-05,0.0,0
0.14644416954740724,0.16682445791832018,1394.0,40050.0,0.005610434845265676,-6.933894019340155e-05,0.0,39321.0,-5.3310992378267685e-05,0.0,0
0.1463881366514487,0.16682445791832018,1395.0,40050.0,0.005554401949307113,-6.9338940193412e-05,0.0,39321.0,-5.3310992378267685e-05,0.0,0
0.14633266129212044,0.16682445791832018,1396.0,40050.0,0.005498926589978842,-6.933894019339981e-05,0.0,39321.0,-5.3310992378267685e-05,0.0,0
0.14627773792184035,0.16682445791832018,1397.0,40050.0,0.005444003219698724,-6.933894019335395e-05,0.0,39321.0,-5.3310992378267685e-05,0.0,0
0.14622336104822553,0.16682445791832018,1398.0,40050.0,0.0053896263460839495,-6.933894019339687e-05,0.0,39321.0,-5.3310992378267685e-05,0.0,0
0.14616952523354343,0.16682445791832018,1399.0,40050.0,0.0053357905314018374,-6.933894019339606e-05,0.0,39321.0,-5.3310992378267685e-05,0.0,0
0.14611622509416763,0.16682445791832018,1400.0,40050.0,0.005282490392026064,-6.933894019341651e-05,0.0,39321.0,-5.3310992378267685e-05,0.0,0
0.14606345530003986,0.16682445791832018,1401.0,40050.0,0.005229720597898273,-6.933894019339698e-05,0.0,39321.0,-5.3310992378267685e-05,0.0,0
0.14601121057413666,0.16682445791832018,1402.0,40050.0,0.0051774758719950725,-6.933894019340142e-05,0.0,39321.0,-5.3310992378267685e-05,0.0,0
0.14595948569194192,0.16682445791832018,1403.0,40050.0,0.005125750989800337,-6.933894019340224e-05,0.0,39321.0,-5.3310992378267685e-05,0.0,0
0.1459082754809243,0.16682445791832018,1404.0,40050.0,0.0050745407787827395,-6.933894019342193e-05,0.0,39321.0,-5.3310992378267685e-05,0.0,0
0.14585757482002012,0.16682445791832018,1405.0,40050.0,0.005023840117878513,-6.933894019337515e-05,0.0,39321.0,-5.3310992378267685e-05,0.0,0
0.1458073786391209,0.16682445791832018,1406.0,40050.0,0.004973643936979317,-6.933894019338063e-05,0.0,39321.0,-5.3310992378267685e-05,0.0,0
0.14575768191856683,0.16682445791832018,1407.0,40050.0,0.004923947216425221,-6.933894019336371e-05,0.0,39321.0,-5.3310992378267685e-05,0.0,0
0.14570847968864437,0.16682445791832018,1408.0,40050.0,0.004874744986502755,-6.933894019336636e-05,0.0,39321.0,-5.3310992378267685e-05,0.0,0
0.14565976702908953,0.16682445791832018,1409.0,40050.0,0.0048260323269479315,-6.933894019338734e-05,0.0,39321.0,-5.3310992378267685e-05,0.0,0
0.14561153906859584,0.16682445791832018,1410.0,40050.0,0.004777804366454196,-6.93389401933521e-05,0.0,39321.0,-5.3310992378267685e-05,0.0,0
0.1455637909843269,0.16682445791832018,1411.0,40050.0,0.004730056282185323,-6.933894019341766e-05,0.0,39321.0,-5.3310992378267685e-05,0.0,0
0.14551651800143467,0.16682445791832018,1412.0,40050.0,0.004682783299293069,-6.93389401933886e-05,0.0,39321.0,-5.3310992378267685e-05,0.0,0
0.14546971539258136,0.16682445791832018,1413.0,40050.0,0.0046359806904397735,-6.933894019341437e-05,0.0,39321.0,-5.3310992378267685e-05,0.0,0
0.14542337847746717,0.16682445791832018,1414.0,40050.0,0.004589643775325542,-6.933894019334476e-05,0.0,39321.0,-5.3310992378267685e-05,0.0,0
0.14537750262236188,0.16682445791832018,1415.0,40050.0,0.004543767920220246,-6.933894019334789e-05,0.0,39321.0,-5.3310992378267685e-05,0.0,0
0.14533208323964172,0.16682445791832018,1416.0,40050.0,0.004498348537500149,-6.933894019340605e-05,0.0,39321.0,-5.3310992378267685e-05,0.0,0
0.14528711578733072,0.16682445791832018,1417.0,40050.0,0.004453381085189118,-6.933894019337885e-05,0.0,39321.0,-5.3310992378267685e-05,0.0,0
0.14524259576864607,0.16682445791832018,1418.0,40050.0,0.004408861066504468,-6.933894019338242e-05,0.0,39321.0,-5.3310992378267685e-05,0.0,0
0.14519851873154882,0.16682445791832018,1419.0,40050.0,0.004364784029407214,-6.93389401933789e-05,0.0,39321.0,-5.3310992378267685e-05,0.0,0
0.14515488026829854,0.16682445791832018,1420.0,40050.0,0.0043211455661569306,-6.933894019337792e-05,0.0,39321.0,-5.3310992378267685e-05,0.0,0
0.1451116760150125,0.16682445791832018,1421.0,40050.0,0.004277941312870905,-6.933894019340744e-05,0.0,39321.0,-5.3310992378267685e-05,0.0,0
0.14506890165122943,0.16682445791832018,1422.0,40050.0,0.004235166949087831,-6.933894019338469e-05,0.0,39321.0,-5.3310992378267685e-05,0.0,0
0.14502655289947722,0.16682445791832018,1423.0,40050.0,0.004192818197335668,-6.933894019343204e-05,0.0,39321.0,-5.3310992378267685e-05,0.0,0
0.14498462552484553,0.16682445791832018,1424.0,40050.0,0.004150890822703952,-6.933894019339837e-05,0.0,39321.0,-5.3310992378267685e-05,0.0,0
0.14494311533456186,0.16682445791832018,1425.0,40050.0,0.004109380632420283,-6.933894019340201e-05,0.0,39321.0,-5.3310992378267685e-05,0.0,0
0.14490201817757264,0.16682445791832018,1426.0,40050.0,0.004068283475431038,-6.933894019337307e-05,0.0,39321.0,-5.3310992378267685e-05,0.0,0
0.1448613299441279,0.16682445791832018,1427.0,40050.0,0.004027595241986273,-6.933894019337122e-05,0.0,39321.0,-5.3310992378267685e-05,0.0,0
0.14482104656537034,0.16682445791832018,1428.0,40050.0,0.003987311863228744,-6.933894019339508e-05,0.0,39321.0,-5.3310992378267685e-05,0.0,0
0.1447811640129286,0.16682445791832018,1429.0,40050.0,0.003947429310786991,-6.933894019337359e-05,0.0,39321.0,-5.3310992378267685e-05,0.0,0
0.14474167829851411,0.16682445791832018,1430.0,40050.0,0.00390794359637254,-6.93389401934184e-05,0.0,39321.0,-5.3310992378267685e-05,0.0,0
0.14470258547352266,0.16682445791832018,1431.0,40050.0,0.003868850771381051,-6.933894019337394e-05,0.0,39321.0,-5.3310992378267685e-05,0.0,0
0.14466388162863905,0.16682445791832018,1432.0,40050.0,0.0038301469264974404,-6.933894019337325e-05,0.0,39321.0,-5.3310992378267685e-05,0.0,0
0.14462556289344655,0.16682445791832018,1433.0,40050.0,0.0037918281913049655,-6.933894019341794e-05,0.0,39321.0,-5.3310992378267685e-05,0.0,0
0.14458762543603979,0.16682445791832018,1434.0,40050.0,0.0037538907338981724,-6.93389401933811e-05,0.0,39321.0,-5.3310992378267685e-05,0.0,0
0.14455006546264135,0.16682445791832018,1435.0,40050.0,0.0037163307604997265,-6.933894019334961e-05,0.0,39321.0,-5.3310992378267685e-05,0.0,0
0.14451287921722258,0.16682445791832018,1436.0,40050.0,0.0036791445150809645,-6.933894019335875e-05,0.0,39321.0,-5.3310992378267685e-05,0.0,0
0.14447606298112795,0.16682445791832018,1437.0,40050.0,0.003642328278986359,-6.933894019339785e-05,0.0,39321.0,-5.3310992378267685e-05,0.0,0
0.1444396130727032,0.16682445791832018,1438.0,40050.0,0.0036058783705616233,-6.933894019341437e-05,0.0,39321.0,-5.3310992378267685e-05,0.0,0
0.14440352584692712,0.16682445791832018,1439.0,40050.0,0.0035697911447855482,-6.93389401933994e-05,0.0,39321.0,-5.3310992378267685e-05,0.0,0
0.1443677976950471,0.16682445791832018,1440.0,40050.0,0.0035340629929054702,-6.933894019335915e-05,0.0,39321.0,-5.3310992378267685e-05,0.0,0
0.144332425044218,0.16682445791832018,1441.0,40050.0,0.0034986903420764345,-6.933894019340668e-05,0.0,39321.0,-5.3310992378267685e-05,0.0,0
0.14429740435714553,0.16682445791832018,1442.0,40050.0,0.0034636696550038857,-6.933894019334055e-05,0.0,39321.0,-5.3310992378267685e-05,0.0,0
0.14426273213173152,0.16682445791832018,1443.0,40050.0,0.0034289974295899257,-6.933894019338116e-05,0.0,39321.0,-5.3310992378267685e-05,0.0,0
0.14422840490072472,0.16682445791832018,1444.0,40050.0,0.0033946701985831176,-6.933894019338069e-05,0.0,39321.0,-5.3310992378267685e-05,0.0,0
0.14419441923137338,0.16682445791832018,1445.0,40050.0,0.003360684529231758,-6.933894019335979e-05,0.0,39321.0,-5.3310992378267685e-05,0.0,0
0.14416077172508218,0.16682445791832018,1446.0,40050.0,0.003327037022940593,-6.933894019339993e-05,0.0,39321.0,-5.3310992378267685e-05,0.0,0
0.14412745901707255,0.16682445791832018,1447.0,40050.0,0.0032937243149309503,-6.933894019337422e-05,0.0,39321.0,-5.3310992378267685e-05,0.0,0
0.14409447777604587,0.16682445791832018,1448.0,40050.0,0.0032607430739042672,-6.933894019339087e-05,0.0,39321.0,-5.3310992378267685e-05,0.0,0
0.14406182470385057,0.16682445791832018,1449.0,40050.0,0.0032280900017089592,-6.933894019336707e-05,0.0,39321.0,-5.3310992378267685e-05,0.0,0
0.14402949653515218,0.16682445791832018,1450.0,40050.0,0.0031957618330105916,-6.933894019340617e-05,0.0,39321.0,-5.3310992378267685e-05,0.0,0
0.14399749003710693,0.16682445791832018,1451.0,40050.0,0.0031637553349653617,-6.933894019340824e-05,0.0,39321.0,-5.3310992378267685e-05,0.0,0
0.14396580200903838,0.16682445791832018,1452.0,40050.0,0.0031320673068967937,-6.933894019338063e-05,0.0,39321.0,-5.3310992378267685e-05,0.0,0
0.14393442928211725,0.16682445791832018,1453.0,40050.0,0.003100694579975665,-6.933894019341587e-05,0.0,39321.0,-5.3310992378267685e-05,0.0,0
0.14390336871904477,0.16682445791832018,1454.0,40050.0,0.0030696340169031363,-6.933894019337336e-05,0.0,39321.0,-5.3310992378267685e-05,0.0,0
0.14387261721373862,0.16682445791832018,1455.0,40050.0,0.0030388825115970405,-6.933894019340195e-05,0.0,39321.0,-5.3310992378267685e-05,0.0,0
0.14384217169102279,0.16682445791832018,1456.0,40050.0,0.0030084369888811907,-6.93389401933882e-05,0.0,39321.0,-5.3310992378267685e-05,0.0,0
0.14381202910631957,0.16682445791832018,1457.0,40050.0,0.0029782944041779544,-6.933894019337422e-05,0.0,39321.0,-5.3310992378267685e-05,0.0,0
0.14378218644534535,0.16682445791832018,1458.0,40050.0,0.002948451743203754,-6.933894019340628e-05,0.0,39321.0,-5.3310992378267685e-05,0.0,0
0.14375264072380917,0.16682445791832018,1459.0,40050.0,0.0029189060216676097,-6.933894019344088e-05,0.0,39321.0,-5.3310992378267685e-05,0.0,0
0.14372338898711434,0.16682445791832018,1460.0,40050.0,0.0028896542849727504,-6.933894019338988e-05,0.0,39321.0,-5.3310992378267685e-05,0.0,0
0.1436944283100627,0.16682445791832018,1461.0,40050.0,0.0028606936079211306,-6.93389401933982e-05,0.0,39321.0,-5.3310992378267685e-05,0.0,0
0.1436657557965625,0.16682445791832018,1462.0,40050.0,0.002832021094420912,-6.933894019340645e-05,0.0,39321.0,-5.3310992378267685e-05,0.0,0
0.14363736857933845,0.16682445791832018,1463.0,40050.0,0.002803633877196852,-6.933894019338896e-05,0.0,39321.0,-5.3310992378267685e-05,0.0,0
0.1436092638196452,0.16682445791832018,1464.0,40050.0,0.0027755291175035708,-6.933894019335303e-05,0.0,39321.0,-5.3310992378267685e-05,0.0,0
0.14358143870698326,0.16682445791832018,1465.0,40050.0,0.002747704004841675,-6.933894019340415e-05,0.0,39321.0,-5.3310992378267685e-05,0.0,0
0.14355389045881828,0.16682445791832018,1466.0,40050.0,0.0027201557566767062,-6.93389401934127e-05,0.0,39321.0,-5.3310992378267685e-05,0.0,0
0.1435266163203025,0.16682445791832018,1467.0,40050.0,0.002692881618160901,-6.933894019338162e-05,0.0,39321.0,-5.3310992378267685e-05,0.0,0
0.14349961356399926,0.16682445791832018,1468.0,40050.0,0.0026658788618576837,-6.933894019339958e-05,0.0,39321.0,-5.3310992378267685e-05,0.0,0
0.1434728794896105,0.16682445791832018,1469.0,40050.0,0.0026391447874689108,-6.93389401934038e-05,0.0,39321.0,-5.3310992378267685e-05,0.0,0
0.14344641142370643,0.16682445791832018,1470.0,40050.0,0.0026126767215648708,-6.933894019343638e-05,0.0,39321.0,-5.3310992378267685e-05,0.0,0
0.14342020671945852,0.16682445791832018,1471.0,40050.0,0.0025864720173169055,-6.933894019336626e-05,0.0,39321.0,-5.3310992378267685e-05,0.0,0
0.14339426275637435,0.16682445791832018,1472.0,40050.0,0.002560528054232766,-6.933894019340502e-05,0.0,39321.0,-5.3310992378267685e-05,0.0,0
0.14336857694003613,0.16682445791832018,1473.0,40050.0,0.0025348422378945194,-6.93389401933815e-05,0.0,39321.0,-5.3310992378267685e-05,0.0,0
0.14334314670184073,0.16682445791832018,1474.0,40050.0,0.0025094119996991265,-6.933894019340316e-05,0.0,39321.0,-5.3310992378267685e-05,0.0,0
0.14331796949874318,0.16682445791832018,1475.0,40050.0,0.002484234796601571,-6.933894019338329e-05,0.0,39321.0,-5.3310992378267685e-05,0.0,0
0.14329304281300215,0.16682445791832018,1476.0,40050.0,0.0024593081108605776,-6.933894019341419e-05,0.0,39321.0,-5.3310992378267685e-05,0.0,0
0.1432683641519284,0.16682445791832018,1477.0,40050.0,0.0024346294497867853,-6.933894019338219e-05,0.0,39321.0,-5.3310992378267685e-05,0.0,0
0.14324393104763514,0.16682445791832018,1478.0,40050.0,0.002410196345493524,-6.933894019339721e-05,0.0,39321.0,-5.3310992378267685e-05,0.0,0
0.14321974105679158,0.16682445791832018,1479.0,40050.0,0.002386006354650007,-6.933894019340824e-05,0.0,39321.0,-5.3310992378267685e-05,0.0,0
0.14319579176037853,0.16682445791832018,1480.0,40050.0,0.002362057058236977,-6.933894019343014e-05,0.0,39321.0,-5.3310992378267685e-05,0.0,0
0.14317208076344648,0.16682445791832018,1481.0,40050.0,0.00233834606130486,-6.9338940193383e-05,0.0,39321.0,-5.3310992378267685e-05,0.0,0
0.1431486056948758,0.16682445791832018,1482.0,40050.0,0.0023148709927341866,-6.933894019337012e-05,0.0,39321.0,-5.3310992378267685e-05,0.0,0
0.14312536420714014,0.16682445791832018,1483.0,40050.0,0.0022916295049985463,-6.933894019340323e-05,0.0,39321.0,-5.3310992378267685e-05,0.0,0
0.14310235397607138,0.16682445791832018,1484.0,40050.0,0.002268619273929784,-6.933894019340132e-05,0.0,39321.0,-5.3310992378267685e-05,0.0,0
0.1430795727006272,0.16682445791832018,1485.0,40050.0,0.0022458379984856337,-6.93389401934112e-05,0.0,39321.0,-5.3310992378267685e-05,0.0,0
0.14305701810266117,0.16682445791832018,1486.0,40050.0,0.0022232834005195493,-6.933894019336758e-05,0.0,39321.0,-5.3310992378267685e-05,0.0,0
0.14303468792669452,0.16682445791832018,1487.0,40050.0,0.0022009532245529577,-6.933894019342673e-05,0.0,39321.0,-5.3310992378267685e-05,0.0,0
0.14301257993969124,0.16682445791832018,1488.0,40050.0,0.002178845237549633,-6.9338940193374e-05,0.0,39321.0,-5.3310992378267685e-05,0.0,0
0.14299069193083408,0.16682445791832018,1489.0,40050.0,0.0021569572286924722,-6.933894019338202e-05,0.0,39321.0,-5.3310992378267685e-05,0.0,0
0.14296902171130393,0.16682445791832018,1490.0,40050.0,0.002135287009162335,-6.933894019340016e-05,0.0,39321.0,-5.3310992378267685e-05,0.0,0
0.14294756711406084,0.16682445791832018,1491.0,40050.0,0.0021138324119192235,-6.933894019335384e-05,0.0,39321.0,-5.3310992378267685e-05,0.0,0
0.1429263259936271,0.16682445791832018,1492.0,40050.0,0.00209259129148552,-6.933894019340992e-05,0.0,39321.0,-5.3310992378267685e-05,0.0,0
0.14290529622587309,0.16682445791832018,1493.0,40050.0,0.002071561523731479,-6.933894019338428e-05,0.0,39321.0,-5.3310992378267685e-05,0.0,0
0.14288447570780438,0.16682445791832018,1494.0,40050.0,0.0020507410056628136,-6.933894019340535e-05,0.0,39321.0,-5.3310992378267685e-05,0.0,0
0.14286386235735193,0.16682445791832018,1495.0,40050.0,0.0020301276552103574,-6.933894019339675e-05,0.0,39321.0,-5.3310992378267685e-05,0.0,0
0.14284345411316351,0.16682445791832018,1496.0,40050.0,0.0020097194110218876,-6.933894019335471e-05,0.0,39321.0,-5.3310992378267685e-05,0.0,0
0.1428232489343976,0.16682445791832018,1497.0,40050.0,0.0019895142322559865,-6.933894019337139e-05,0.0,39321.0,-5.3310992378267685e-05,0.0,0
0.1428032448005195,0.16682445791832018,1498.0,40050.0,0.001969510098377937,-6.933894019341281e-05,0.0,39321.0,-5.3310992378267685e-05,0.0,0
0.14278343971109927,0.16682445791832018,1499.0,40050.0,0.0019497050089576674,-6.933894019338959e-05,0.0,39321.0,-5.3310992378267685e-05,0.0,0
0.1427638316856113,0.16682445791832018,1500.0,40050.0,0.0019300969834697473,-6.93389401934325e-05,0.0,39321.0,-5.3310992378267685e-05,0.0,0
0.14274441876323685,0.16682445791832018,1501.0,40050.0,0.0019106840610952848,-6.933894019341651e-05,0.0,39321.0,-5.3310992378267685e-05,0.0,0
0.14272519900266745,0.16682445791832018,1502.0,40050.0,0.0018914643005258584,-6.933894019339473e-05,0.0,39321.0,-5.3310992378267685e-05,0.0,0
0.142706170481911,0.16682445791832018,1503.0,40050.0,0.0018724357797694044,-6.933894019338012e-05,0.0,39321.0,-5.3310992378267685e-05,0.0,0
0.14268733129809955,0.16682445791832018,1504.0,40050.0,0.0018535965959579773,-6.933894019343615e-05,0.0,39321.0,-5.3310992378267685e-05,0.0,0
0.1426686795672991,0.16682445791832018,1505.0,40050.0,0.0018349448651575118,-6.933894019340096e-05,0.0,39321.0,-5.3310992378267685e-05,0.0,0
0.14265021342432097,0.16682445791832018,1506.0,40050.0,0.0018164787221793687,-6.933894019338809e-05,0.0,39321.0,-5.3310992378267685e-05,0.0,0
0.1426319310225355,0.16682445791832018,1507.0,40050.0,0.0017981963203938744,-6.933894019339149e-05,0.0,39321.0,-5.3310992378267685e-05,0.0,0
0.14261383053368723,0.16682445791832018,1508.0,40050.0,0.0017800958315456086,-6.933894019335696e-05,0.0,39321.0,-5.3310992378267685e-05,0.0,0
0.14259591014771222,0.16682445791832018,1509.0,40050.0,0.0017621754455706081,-6.933894019337573e-05,0.0,39321.0,-5.3310992378267685e-05,0.0,0
0.1425781680725569,0.16682445791832018,1510.0,40050.0,0.001744433370415333,-6.93389401934149e-05,0.0,39321.0,-5.3310992378267685e-05,0.0,0
0.14256060253399905,0.16682445791832018,1511.0,40050.0,0.0017268678318574896,-6.933894019342021e-05,0.0,39321.0,-5.3310992378267685e-05,0.0,0
0.14254321177547014,0.16682445791832018,1512.0,40050.0,0.0017094770733285794,-6.9338940193434e-05,0.0,39321.0,-5.3310992378267685e-05,0.0,0
0.14252599405787986,0.16682445791832018,1513.0,40050.0,0.001692259355738262,-6.93389401934001e-05,0.0,39321.0,-5.3310992378267685e-05,0.0,0
0.142508947659442,0.16682445791832018,1514.0,40050.0,0.0016752129573004329,-6.93389401934146e-05,0.0,39321.0,-5.3310992378267685e-05,0.0,0
0.1424920708755026,0.16682445791832018,1515.0,40050.0,0.001658336173361029,-6.933894019338965e-05,0.0,39321.0,-5.3310992378267685e-05,0.0,0
0.14247536201836922,0.16682445791832018,1516.0,40050.0,0.0016416273162276126,-6.933894019336978e-05,0.0,39321.0,-5.3310992378267685e-05,0.0,0
0.1424588194171421,0.16682445791832018,1517.0,40050.0,0.0016250847150005249,-6.933894019340443e-05,0.0,39321.0,-5.3310992378267685e-05,0.0,0
0.14244244141754744,0.16682445791832018,1518.0,40050.0,0.0016087067154058757,-6.933894019340732e-05,0.0,39321.0,-5.3310992378267685e-05,0.0,0
0.14242622638177163,0.16682445791832018,1519.0,40050.0,0.0015924916796300384,-6.933894019339785e-05,0.0,39321.0,-5.3310992378267685e-05,0.0,0
0.14241017268829756,0.16682445791832018,1520.0,40050.0,0.0015764379861559453,-6.933894019336799e-05,0.0,39321.0,-5.3310992378267685e-05,0.0,0
0.14239427873174246,0.16682445791832018,1521.0,40050.0,0.0015605440296008579,-6.933894019337134e-05,0.0,39321.0,-5.3310992378267685e-05,0.0,0
0.14237854292269747,0.16682445791832018,1522.0,40050.0,0.0015448082205558743,-6.933894019338711e-05,0.0,39321.0,-5.3310992378267685e-05,0.0,0
0.1423629636875686,0.16682445791832018,1523.0,40050.0,0.0015292289854269806,-6.933894019335753e-05,0.0,39321.0,-5.3310992378267685e-05,0.0,0
0.1423475394684193,0.16682445791832018,1524.0,40050.0,0.0015138047662776833,-6.933894019336886e-05,0.0,39321.0,-5.3310992378267685e-05,0.0,0
0.14233226872281476,0.16682445791832018,1525.0,40050.0,0.001498534020673204,-6.93389401934314e-05,0.0,39321.0,-5.3310992378267685e-05,0.0,0
0.14231714992366784,0.16682445791832018,1526.0,40050.0,0.0014834152215262627,-6.933894019340351e-05,0.0,39321.0,-5.3310992378267685e-05,0.0,0
0.14230218155908592,0.16682445791832018,1527.0,40050.0,0.0014684468569443497,-6.933894019342049e-05,0.0,39321.0,-5.3310992378267685e-05,0.0,0
0.14228736213222012,0.16682445791832018,1528.0,40050.0,0.0014536274300785273,-6.933894019338393e-05,0.0,39321.0,-5.3310992378267685e-05,0.0,0
0.14227269016111535,0.16682445791832018,1529.0,40050.0,0.0014389554589737713,-6.933894019341079e-05,0.0,39321.0,-5.3310992378267685e-05,0.0,0
0.14225816417856227,0.16682445791832018,1530.0,40050.0,0.0014244294764207243,-6.933894019343106e-05,0.0,39321.0,-5.3310992378267685e-05,0.0,0
0.14224378273195062,0.16682445791832018,1531.0,40050.0,0.0014100480298090427,-6.933894019339924e-05,0.0,39321.0,-5.3310992378267685e-05,0.0,0
0.14222954438312366,0.16682445791832018,1532.0,40050.0,0.0013958096809820744,-6.933894019341107e-05,0.0,39321.0,-5.3310992378267685e-05,0.0,0
0.14221544770823463,0.16682445791832018,1533.0,40050.0,0.0013817130060930687,-6.93389401934373e-05,0.0,39321.0,-5.3310992378267685e-05,0.0,0
0.1422014912976044,0.16682445791832018,1534.0,40050.0,0.0013677565954627934,-6.933894019338456e-05,0.0,39321.0,-5.3310992378267685e-05,0.0,0
0.14218767375558014,0.16682445791832018,1535.0,40050.0,0.0013539390534385604,-6.933894019339884e-05,0.0,39321.0,-5.3310992378267685e-05,0.0,0
0.1421739937003962,0.16682445791832018,1536.0,40050.0,0.0013402589982546423,-6.933894019340236e-05,0.0,39321.0,-5.3310992378267685e-05,0.0,0
0.14216044976403572,0.16682445791832018,1537.0,40050.0,0.0013267150618941214,-6.933894019338566e-05,0.0,39321.0,-5.3310992378267685e-05,0.0,0
0.14214704059209365,0.16682445791832018,1538.0,40050.0,0.001313305889952081,-6.933894019341419e-05,0.0,39321.0,-5.3310992378267685e-05,0.0,0
0.14213376484364176,0.16682445791832018,1539.0,40050.0,0.0013000301415001495,-6.933894019337567e-05,0.0,39321.0,-5.3310992378267685e-05,0.0,0
0.14212062119109398,0.16682445791832018,1540.0,40050.0,0.0012868864889524216,-6.93389401934217e-05,0.0,39321.0,-5.3310992378267685e-05,0.0,0
0.14210760832007424,0.16682445791832018,1541.0,40050.0,0.0012738736179326814,-6.933894019342373e-05,0.0,39321.0,-5.3310992378267685e-05,0.0,0
0.1420947249292846,0.16682445791832018,1542.0,40050.0,0.0012609902271429859,-6.933894019336955e-05,0.0,39321.0,-5.3310992378267685e-05,0.0,0
0.14208196973037515,0.16682445791832018,1543.0,40050.0,0.0012482350282335363,-6.933894019337364e-05,0.0,39321.0,-5.3310992378267685e-05,0.0,0
0.14206934144781538,0.16682445791832018,1544.0,40050.0,0.0012356067456737875,-6.933894019338635e-05,0.0,39321.0,-5.3310992378267685e-05,0.0,0
0.1420568388187666,0.16682445791832018,1545.0,40050.0,0.0012231041166249684,-6.93389401933502e-05,0.0,39321.0,-5.3310992378267685e-05,0.0,0
0.14204446059295533,0.16682445791832018,1546.0,40050.0,0.0012107258908137701,-6.933894019341847e-05,0.0,39321.0,-5.3310992378267685e-05,0.0,0
0.14203220553254892,0.16682445791832018,1547.0,40050.0,0.0011984708304072715,-6.93389401933324e-05,0.0,39321.0,-5.3310992378267685e-05,0.0,0
0.14202007241203082,0.16682445791832018,1548.0,40050.0,0.0011863377098892372,-6.933894019339733e-05,0.0,39321.0,-5.3310992378267685e-05,0.0,0
0.14200806001807909,0.16682445791832018,1549.0,40050.0,0.0011743253159374918,-6.933894019340096e-05,0.0,39321.0,-5.3310992378267685e-05,0.0,0
0.14199616714944427,0.16682445791832018,1550.0,40050.0,0.0011624324473026436,-6.933894019335753e-05,0.0,39321.0,-5.3310992378267685e-05,0.0,0
0.14198439261682952,0.16682445791832018,1551.0,40050.0,0.001150657914687909,-6.933894019338387e-05,0.0,39321.0,-5.3310992378267685e-05,0.0,0
0.1419727352427718,0.16682445791832018,1552.0,40050.0,0.0011390005406302236,-6.933894019341743e-05,0.0,39321.0,-5.3310992378267685e-05,0.0,0
0.14196119386152403,0.16682445791832018,1553.0,40050.0,0.0011274591593824527,-6.933894019338745e-05,0.0,39321.0,-5.3310992378267685e-05,0.0,0
0.14194976731893846,0.16682445791832018,1554.0,40050.0,0.001116032616796856,-6.933894019338168e-05,0.0,39321.0,-5.3310992378267685e-05,0.0,0
0.14193845447235126,0.16682445791832018,1555.0,40050.0,0.0011047197702096642,-6.933894019338439e-05,0.0,39321.0,-5.3310992378267685e-05,0.0,0
0.14192725419046842,0.16682445791832018,1556.0,40050.0,0.0010935194883267873,-6.933894019334494e-05,0.0,39321.0,-5.3310992378267685e-05,0.0,0
0.1419161653532523,0.16682445791832018,1557.0,40050.0,0.0010824306511107008,-6.933894019339087e-05,0.0,39321.0,-5.3310992378267685e-05,0.0,0
0.14190518685181006,0.16682445791832018,1558.0,40050.0,0.0010714521496684403,-6.933894019338104e-05,0.0,39321.0,-5.3310992378267685e-05,0.0,0
0.1418943175882823,0.16682445791832018,1559.0,40050.0,0.0010605828861407264,-6.933894019341027e-05,0.0,39321.0,-5.3310992378267685e-05,0.0,0
0.14188355647573372,0.16682445791832018,1560.0,40050.0,0.001049821773592114,-6.933894019338595e-05,0.0,39321.0,-5.3310992378267685e-05,0.0,0
0.14187290243804404,0.16682445791832018,1561.0,40050.0,0.001039167735902421,-6.93389401933584e-05,0.0,39321.0,-5.3310992378267685e-05,0.0,0
0.14186235440980058,0.16682445791832018,1562.0,40050.0,0.001028619707658986,-6.933894019339618e-05,0.0,39321.0,-5.3310992378267685e-05,0.0,0
0.14185191133619177,0.16682445791832018,1563.0,40050.0,0.0010181766340501828,-6.933894019338883e-05,0.0,39321.0,-5.3310992378267685e-05,0.0,0
0.14184157217290155,0.16682445791832018,1564.0,40050.0,0.0010078374707599583,-6.933894019338873e-05,0.0,39321.0,-5.3310992378267685e-05,0.0,0
0.14183133588600497,0.16682445791832018,1565.0,40050.0,0.0009976011838633712,-6.933894019340357e-05,0.0,39321.0,-5.3310992378267685e-05,0.0,0
0.14182120145186478,0.16682445791832018,1566.0,40050.0,0.0009874667497231913,-6.933894019340934e-05,0.0,39321.0,-5.3310992378267685e-05,0.0,0
0.14181116785702916,0.16682445791832018,1567.0,40050.0,0.0009774331548875613,-6.933894019337885e-05,0.0,39321.0,-5.3310992378267685e-05,0.0,0
0.14180123409813022,0.16682445791832018,1568.0,40050.0,0.0009674993959886461,-6.933894019340068e-05,0.0,39321.0,-5.3310992378267685e-05,0.0,0
0.14179139918178382,0.16682445791832018,1569.0,40050.0,0.0009576644796422682,-6.933894019342736e-05,0.0,39321.0,-5.3310992378267685e-05,0.0,0
0.14178166212449017,0.16682445791832018,1570.0,40050.0,0.0009479274223485951,-6.933894019340622e-05,0.0,39321.0,-5.3310992378267685e-05,0.0,0
0.1417720219525354,0.16682445791832018,1571.0,40050.0,0.0009382872503937987,-6.933894019337879e-05,0.0,39321.0,-5.3310992378267685e-05,0.0,0
0.1417624777018942,0.16682445791832018,1572.0,40050.0,0.0009287429997526298,-6.933894019339947e-05,0.0,39321.0,-5.3310992378267685e-05,0.0,0
0.14175302841813367,0.16682445791832018,1573.0,40050.0,0.0009192937159920817,-6.933894019340657e-05,0.0,39321.0,-5.3310992378267685e-05,0.0,0
0.1417436731563175,0.16682445791832018,1574.0,40050.0,0.0009099384541759081,-6.933894019338127e-05,0.0,39321.0,-5.3310992378267685e-05,0.0,0
0.14173441098091172,0.16682445791832018,1575.0,40050.0,0.0009006762787701184,-6.933894019339289e-05,0.0,39321.0,-5.3310992378267685e-05,0.0,0
0.14172524096569108,0.16682445791832018,1576.0,40050.0,0.0008915062635494667,-6.93389401933848e-05,0.0,39321.0,-5.3310992378267685e-05,0.0,0
0.14171616219364633,0.16682445791832018,1577.0,40050.0,0.0008824274915047791,-6.933894019344348e-05,0.0,39321.0,-5.3310992378267685e-05,0.0,0
0.14170717375689287,0.16682445791832018,1578.0,40050.0,0.0008734390547512858,-6.933894019339583e-05,0.0,39321.0,-5.3310992378267685e-05,0.0,0
0.14169827475657942,0.16682445791832018,1579.0,40050.0,0.0008645400544378385,-6.93389401933997e-05,0.0,39321.0,-5.3310992378267685e-05,0.0,0
0.14168946430279858,0.16682445791832018,1580.0,40050.0,0.0008557296006569651,-6.933894019337856e-05,0.0,39321.0,-5.3310992378267685e-05,0.0,0
0.14168074151449755,0.16682445791832018,1581.0,40050.0,0.0008470068123559608,-6.93389401933994e-05,0.0,39321.0,-5.3310992378267685e-05,0.0,0
0.14167210551939033,0.16682445791832018,1582.0,40050.0,0.0008383708172487192,-6.933894019335783e-05,0.0,39321.0,-5.3310992378267685e-05,0.0,0
0.14166355545387013,0.16682445791832018,1583.0,40050.0,0.0008298207517285413,-6.933894019340132e-05,0.0,39321.0,-5.3310992378267685e-05,0.0,0
0.14165509046292332,0.16682445791832018,1584.0,40050.0,0.0008213557607817416,-6.93389401934038e-05,0.0,39321.0,-5.3310992378267685e-05,0.0,0
0.14164670970004378,0.16682445791832018,1585.0,40050.0,0.0008129749979021672,-6.933894019336434e-05,0.0,39321.0,-5.3310992378267685e-05,0.0,0
0.14163841232714813,0.16682445791832018,1586.0,40050.0,0.0008046776250065616,-6.933894019341541e-05,0.0,39321.0,-5.3310992378267685e-05,0.0,0
0.14163019751449227,0.16682445791832018,1587.0,40050.0,0.000796462812350709,-6.933894019342805e-05,0.0,39321.0,-5.3310992378267685e-05,0.0,0
0.1416220644405881,0.16682445791832018,1588.0,40050.0,0.0007883297384465023,-6.93389401933685e-05,0.0,39321.0,-5.3310992378267685e-05,0.0,0
0.14161401229212137,0.16682445791832018,1589.0,40050.0,0.0007802775899797721,-6.933894019340155e-05,0.0,39321.0,-5.3310992378267685e-05,0.0,0
0.14160604026387058,0.16682445791832018,1590.0,40050.0,0.0007723055617289655,-6.933894019336452e-05,0.0,39321.0,-5.3310992378267685e-05,0.0,0
0.14159814755862624,0.16682445791832018,1591.0,40050.0,0.000764412856484607,-6.933894019336533e-05,0.0,39321.0,-5.3310992378267685e-05,0.0,0
0.14159033338711122,0.16682445791832018,1592.0,40050.0,0.0007565986849696008,-6.933894019336112e-05,0.0,39321.0,-5.3310992378267685e-05,0.0,0
0.14158259696790185,0.16682445791832018,1593.0,40050.0,0.0007488622657602891,-6.933894019342529e-05,0.0,39321.0,-5.3310992378267685e-05,0.0,0
0.14157493752734984,0.16682445791832018,1594.0,40050.0,0.0007412028252082785,-6.933894019343089e-05,0.0,39321.0,-5.3310992378267685e-05,0.0,0
0.14156735429950476,0.16682445791832018,1595.0,40050.0,0.0007336195973631608,-6.933894019340293e-05,0.0,39321.0,-5.3310992378267685e-05,0.0,0
0.1415598465260374,0.16682445791832018,1596.0,40050.0,0.0007261118238958131,-6.93389401934243e-05,0.0,39321.0,-5.3310992378267685e-05,0.0,0
0.14155241345616423,0.16682445791832018,1597.0,40050.0,0.0007186787540226482,-6.933894019340062e-05,0.0,39321.0,-5.3310992378267685e-05,0.0,0
0.14154505434657208,0.16682445791832018,1598.0,40050.0,0.0007113196444304729,-6.933894019337318e-05,0.0,39321.0,-5.3310992378267685e-05,0.0,0
0.1415377684613438,0.16682445791832018,1599.0,40050.0,0.0007040337592021946,-6.933894019338196e-05,0.0,39321.0,-5.3310992378267685e-05,0.0,0
0.14153055507188483,0.16682445791832018,1600.0,40050.0,0.0006968203697432218,-6.933894019338405e-05,0.0,39321.0,-5.3310992378267685e-05,0.0,0
0.14152341345685018,0.16682445791832018,1601.0,40050.0,0.0006896787547086,-6.933894019342517e-05,0.0,39321.0,-5.3310992378267685e-05,0.0,0
0.14151634290207243,0.16682445791832018,1602.0,40050.0,0.0006826081999308673,-6.93389401934328e-05,0.0,39321.0,-5.3310992378267685e-05,0.0,0
0.14150934270049026,0.16682445791832018,1603.0,40050.0,0.0006756079983486618,-6.933894019339692e-05,0.0,39321.0,-5.3310992378267685e-05,0.0,0
0.14150241215207762,0.16682445791832018,1604.0,40050.0,0.0006686774499359886,-6.93389401933443e-05,0.0,39321.0,-5.3310992378267685e-05,0.0,0
0.14149555056377386,0.16682445791832018,1605.0,40050.0,0.000661815861632235,-6.933894019337122e-05,0.0,39321.0,-5.3310992378267685e-05,0.0,0
0.14148875724941445,0.16682445791832018,1606.0,40050.0,0.0006550225472728432,-6.933894019338503e-05,0.0,39321.0,-5.3310992378267685e-05,0.0,0
0.14148203152966235,0.16682445791832018,1607.0,40050.0,0.000648296827520725,-6.933894019336082e-05,0.0,39321.0,-5.3310992378267685e-05,0.0,0
0.14147537273193986,0.16682445791832018,1608.0,40050.0,0.0006416380297983003,-6.933894019343308e-05,0.0,39321.0,-5.3310992378267685e-05,0.0,0
0.14146878019036183,0.16682445791832018,1609.0,40050.0,0.0006350454882202274,-6.933894019339028e-05,0.0,39321.0,-5.3310992378267685e-05,0.0,0
0.1414622532456685,0.16682445791832018,1610.0,40050.0,0.000628518543526891,-6.933894019336498e-05,0.0,39321.0,-5.3310992378267685e-05,0.0,0
0.14145579124515995,0.16682445791832018,1611.0,40050.0,0.0006220565430183528,-6.933894019338387e-05,0.0,39321.0,-5.3310992378267685e-05,0.0,0
0.14144939354263078,0.16682445791832018,1612.0,40050.0,0.0006156588404891902,-6.933894019340576e-05,0.0,39321.0,-5.3310992378267685e-05,0.0,0
0.14144305949830538,0.16682445791832018,1613.0,40050.0,0.0006093247961638199,-6.933894019342742e-05,0.0,39321.0,-5.3310992378267685e-05,0.0,0
0.14143678847877408,0.16682445791832018,1614.0,40050.0,0.0006030537766325215,-6.933894019343586e-05,0.0,39321.0,-5.3310992378267685e-05,0.0,0
0.1414305798569297,0.16682445791832018,1615.0,40050.0,0.000596845154788124,-6.933894019342898e-05,0.0,39321.0,-5.3310992378267685e-05,0.0,0
0.14142443301190488,0.16682445791832018,1616.0,40050.0,0.0005906983097632598,-6.933894019336082e-05,0.0,39321.0,-5.3310992378267685e-05,0.0,0
0.14141834732900996,0.16682445791832018,1617.0,40050.0,0.0005846126268683196,-6.933894019335204e-05,0.0,39321.0,-5.3310992378267685e-05,0.0,0
0.1414123221996715,0.16682445791832018,1618.0,40050.0,0.0005785874975299389,-6.9338940193409e-05,0.0,39321.0,-5.3310992378267685e-05,0.0,0
0.14140635702137172,0.16682445791832018,1619.0,40050.0,0.0005726223192301498,-6.933894019342499e-05,0.0,39321.0,-5.3310992378267685e-05,0.0,0
0.1414004511975878,0.16682445791832018,1620.0,40050.0,0.0005667164954461602,-6.933894019333541e-05,0.0,39321.0,-5.3310992378267685e-05,0.0,0
0.14139460413773225,0.16682445791832018,1621.0,40050.0,0.0005608694355906724,-6.933894019340634e-05,0.0,39321.0,-5.3310992378267685e-05,0.0,0
0.1413888152570944,0.16682445791832018,1622.0,40050.0,0.0005550805549528263,-6.933894019340385e-05,0.0,39321.0,-5.3310992378267685e-05,0.0,0
0.14138308397678134,0.16682445791832018,1623.0,40050.0,0.000549349274639727,-6.933894019336879e-05,0.0,39321.0,-5.3310992378267685e-05,0.0,0
0.1413774097236602,0.16682445791832018,1624.0,40050.0,0.0005436750215185795,-6.933894019336787e-05,0.0,39321.0,-5.3310992378267685e-05,0.0,0
0.14137179193030092,0.16682445791832018,1625.0,40050.0,0.0005380572281593301,-6.933894019340479e-05,0.0,39321.0,-5.3310992378267685e-05,0.0,0
0.14136623003491958,0.16682445791832018,1626.0,40050.0,0.000532495332777971,-6.933894019338722e-05,0.0,39321.0,-5.3310992378267685e-05,0.0,0
0.14136072348132192,0.16682445791832018,1627.0,40050.0,0.000526988779180334,-6.933894019339583e-05,0.0,39321.0,-5.3310992378267685e-05,0.0,0
0.14135527171884807,0.16682445791832018,1628.0,40050.0,0.0005215370167064469,-6.93389401933647e-05,0.0,39321.0,-5.3310992378267685e-05,0.0,0
0.14134987420231715,0.16682445791832018,1629.0,40050.0,0.0005161395001755456,-6.933894019337624e-05,0.0,39321.0,-5.3310992378267685e-05,0.0,0
0.141344530391973,0.16682445791832018,1630.0,40050.0,0.000510795689831474,-6.933894019344204e-05,0.0,39321.0,-5.3310992378267685e-05,0.0,0
0.1413392397534303,0.16682445791832018,1631.0,40050.0,0.0005055050512887252,-6.933894019341472e-05,0.0,39321.0,-5.3310992378267685e-05,0.0,0
0.14133400175762068,0.16682445791832018,1632.0,40050.0,0.0005002670554790562,-6.933894019336048e-05,0.0,39321.0,-5.3310992378267685e-05,0.0,0
0.14132881588074012,0.16682445791832018,1633.0,40050.0,0.0004950811785985151,-6.933894019339907e-05,0.0,39321.0,-5.3310992378267685e-05,0.0,0
0.14132368160419667,0.16682445791832018,1634.0,40050.0,0.000489946902055089,-6.933894019339415e-05,0.0,39321.0,-5.3310992378267685e-05,0.0,0
0.14131859841455843,0.16682445791832018,1635.0,40050.0,0.00048486371241685195,-6.93389401934157e-05,0.0,39321.0,-5.3310992378267685e-05,0.0,0
0.14131356580350218,0.16682445791832018,1636.0,40050.0,0.00047983110136058963,-6.933894019339023e-05,0.0,39321.0,-5.3310992378267685e-05,0.0,0
0.14130858326776266,0.16682445791832018,1637.0,40050.0,0.0004748485656210245,-6.933894019334997e-05,0.0,39321.0,-5.3310992378267685e-05,0.0,0
0.141303650309082,0.16682445791832018,1638.0,40050.0,0.0004699156069404168,-6.933894019339814e-05,0.0,39321.0,-5.3310992378267685e-05,0.0,0
0.14129876643416037,0.16682445791832018,1639.0,40050.0,0.0004650317320187933,-6.933894019341309e-05,0.0,39321.0,-5.3310992378267685e-05,0.0,0
0.14129393115460617,0.16682445791832018,1640.0,40050.0,0.00046019645246457623,-6.933894019337821e-05,0.0,39321.0,-5.3310992378267685e-05,0.0,0
0.1412891439868874,0.16682445791832018,1641.0,40050.0,0.00045540928474579697,-6.933894019336758e-05,0.0,39321.0,-5.3310992378267685e-05,0.0,0
0.1412844044522833,0.16682445791832018,1642.0,40050.0,0.00045066975014169665,-6.933894019338099e-05,0.0,39321.0,-5.3310992378267685e-05,0.0,0
0.14127971207683643,0.16682445791832018,1643.0,40050.0,0.00044597737469484754,-6.933894019341513e-05,0.0,39321.0,-5.3310992378267685e-05,0.0,0
0.14127506639130538,0.16682445791832018,1644.0,40050.0,0.00044133168916381986,-6.933894019341598e-05,0.0,39321.0,-5.3310992378267685e-05,0.0,0
0.1412704669311178,0.16682445791832018,1645.0,40050.0,0.00043673222897616675,-6.93389401933502e-05,0.0,39321.0,-5.3310992378267685e-05,0.0,0
0.14126591323632365,0.16682445791832018,1646.0,40050.0,0.0004321785341820509,-6.933894019337631e-05,0.0,39321.0,-5.3310992378267685e-05,0.0,0
0.14126140485154975,0.16682445791832018,1647.0,40050.0,0.00042767014940817724,-6.933894019339976e-05,0.0,39321.0,-5.3310992378267685e-05,0.0,0
0.14125694132595393,0.16682445791832018,1648.0,40050.0,0.00042320662381233705,-6.933894019338664e-05,0.0,39321.0,-5.3310992378267685e-05,0.0,0
0.14125252221317985,0.16682445791832018,1649.0,40050.0,0.00041878751103823907,-6.933894019336978e-05,0.0,39321.0,-5.3310992378267685e-05,0.0,0
0.14124814707131253,0.16682445791832018,1650.0,40050.0,0.0004144123691709265,-6.933894019339051e-05,0.0,39321.0,-5.3310992378267685e-05,0.0,0
0.14124381546283418,0.16682445791832018,1651.0,40050.0,0.00041008076069255837,-6.933894019336631e-05,0.0,39321.0,-5.3310992378267685e-05,0.0,0
0.1412395269545803,0.16682445791832018,1652.0,40050.0,0.0004057922524386966,-6.933894019337647e-05,0.0,39321.0,-5.3310992378267685e-05,0.0,0
0.14123528111769654,0.16682445791832018,1653.0,40050.0,0.0004015464155549133,-6.933894019336331e-05,0.0,39321.0,-5.3310992378267685e-05,0.0,0
0.1412310775275956,0.16682445791832018,1654.0,40050.0,0.0003973428254540039,-6.933894019340691e-05,0.0,39321.0,-5.3310992378267685e-05,0.0,0
0.14122691576391508,0.16682445791832018,1655.0,40050.0,0.0003931810617734496,-6.933894019334961e-05,0.0,39321.0,-5.3310992378267685e-05,0.0,0
0.14122279541047503,0.16682445791832018,1656.0,40050.0,0.00038906070833341633,-6.933894019337065e-05,0.0,39321.0,-5.3310992378267685e-05,0.0,0
0.14121871605523673,0.16682445791832018,1657.0,40050.0,0.00038498135309512243,-6.933894019339392e-05,0.0,39321.0,-5.3310992378267685e-05,0.0,0
0.14121467729026127,0.16682445791832018,1658.0,40050.0,0.0003809425881196441,-6.933894019335701e-05,0.0,39321.0,-5.3310992378267685e-05,0.0,0
0.14121067871166873,0.16682445791832018,1659.0,40050.0,0.0003769440095271233,-6.933894019339266e-05,0.0,39321.0,-5.3310992378267685e-05,0.0,0
0.14120671991959793,0.16682445791832018,1660.0,40050.0,0.0003729852174563585,-6.933894019342141e-05,0.0,39321.0,-5.3310992378267685e-05,0.0,0
0.14120280051816647,0.16682445791832018,1661.0,40050.0,0.00036906581602485274,-6.933894019336856e-05,0.0,39321.0,-5.3310992378267685e-05,0.0,0
0.14119892011543075,0.16682445791832018,1662.0,40050.0,0.0003651854132891976,-6.933894019342108e-05,0.0,39321.0,-5.3310992378267685e-05,0.0,0
0.1411950783233475,0.16682445791832018,1663.0,40050.0,0.00036134362120587567,-6.933894019336608e-05,0.0,39321.0,-5.3310992378267685e-05,0.0,0
0.14119127475773405,0.16682445791832018,1664.0,40050.0,0.00035754005559249344,-6.933894019341339e-05,0.0,39321.0,-5.3310992378267685e-05,0.0,0
0.1411875090382309,0.16682445791832018,1665.0,40050.0,0.00035377433608929784,-6.933894019338191e-05,0.0,39321.0,-5.3310992378267685e-05,0.0,0
0.1411837807882628,0.16682445791832018,1666.0,40050.0,0.0003500460861212247,-6.933894019341784e-05,0.0,39321.0,-5.3310992378267685e-05,0.0,0
0.14118008963500178,0.16682445791832018,1667.0,40050.0,0.00034635493286014877,-6.933894019335753e-05,0.0,39321.0,-5.3310992378267685e-05,0.0,0
0.14117643520932927,0.16682445791832018,1668.0,40050.0,0.0003427005071876898,-6.933894019340183e-05,0.0,39321.0,-5.3310992378267685e-05,0.0,0
0.1411728171457998,0.16682445791832018,1669.0,40050.0,0.00033908244365821953,-6.933894019340293e-05,0.0,39321.0,-5.3310992378267685e-05,0.0,0
0.14116923508260398,0.16682445791832018,1670.0,40050.0,0.00033550038046235907,-6.933894019337844e-05,0.0,39321.0,-5.3310992378267685e-05,0.0,0
0.14116568866153242,0.16682445791832018,1671.0,40050.0,0.000331953959390833,-6.93389401933874e-05,0.0,39321.0,-5.3310992378267685e-05,0.0,0
0.14116217752794016,0.16682445791832018,1672.0,40050.0,0.0003284428257985634,-6.933894019339623e-05,0.0,39321.0,-5.3310992378267685e-05,0.0,0
0.14115870133071087,0.16682445791832018,1673.0,40050.0,0.0003249666285692573,-6.933894019336955e-05,0.0,39321.0,-5.3310992378267685e-05,0.0,0
0.1411552597222219,0.16682445791832018,1674.0,40050.0,0.00032152502008031677,-6.93389401934101e-05,0.0,39321.0,-5.3310992378267685e-05,0.0,0
0.14115185235830957,0.16682445791832018,1675.0,40050.0,0.0003181176561680043,-6.933894019341275e-05,0.0,39321.0,-5.3310992378267685e-05,0.0,0
0.14114847889823467,0.16682445791832018,1676.0,40050.0,0.0003147441960930925,-6.933894019341426e-05,0.0,39321.0,-5.3310992378267685e-05,0.0,0
0.14114513900464834,0.16682445791832018,1677.0,40050.0,0.00031140430250676464,-6.93389401934149e-05,0.0,39321.0,-5.3310992378267685e-05,0.0,0
0.1411418323435585,0.16682445791832018,1678.0,40050.0,0.0003080976414168887,-6.933894019336008e-05,0.0,39321.0,-5.3310992378267685e-05,0.0,0
0.14113855858429616,0.16682445791832018,1679.0,40050.0,0.0003048238821545902,-6.933894019342644e-05,0.0,39321.0,-5.3310992378267685e-05,0.0,0
0.1411353173994828,0.16682445791832018,1680.0,40050.0,0.00030158269734121895,-6.933894019341847e-05,0.0,39321.0,-5.3310992378267685e-05,0.0,0
0.14113210846499716,0.16682445791832018,1681.0,40050.0,0.0002983737628555812,-6.933894019341812e-05,0.0,39321.0,-5.3310992378267685e-05,0.0,0
0.14112893145994318,0.16682445791832018,1682.0,40050.0,0.00029519675780157476,-6.933894019336383e-05,0.0,39321.0,-5.3310992378267685e-05,0.0,0
0.14112578606661763,0.16682445791832018,1683.0,40050.0,0.00029205136447603007,-6.933894019338844e-05,0.0,39321.0,-5.3310992378267685e-05,0.0,0
0.14112267197047862,0.16682445791832018,1684.0,40050.0,0.00028893726833700075,-6.933894019336018e-05,0.0,39321.0,-5.3310992378267685e-05,0.0,0
0.14111958886011386,0.16682445791832018,1685.0,40050.0,0.0002858541579722722,-6.93389401933893e-05,0.0,39321.0,-5.3310992378267685e-05,0.0,0
0.14111653642720987,0.16682445791832018,1686.0,40050.0,0.00028280172506824726,-6.933894019336186e-05,0.0,39321.0,-5.3310992378267685e-05,0.0,0
0.14111351436652067,0.16682445791832018,1687.0,40050.0,0.0002797796643790848,-6.933894019340323e-05,0.0,39321.0,-5.3310992378267685e-05,0.0,0
0.1411105223758378,0.16682445791832018,1688.0,40050.0,0.0002767876736962007,-6.933894019339958e-05,0.0,39321.0,-5.3310992378267685e-05,0.0,0
0.14110756015595963,0.16682445791832018,1689.0,40050.0,0.00027382545381803366,-6.933894019339289e-05,0.0,39321.0,-5.3310992378267685e-05,0.0,0
0.14110462741066174,0.16682445791832018,1690.0,40050.0,0.000270892708520118,-6.933894019336776e-05,0.0,39321.0,-5.3310992378267685e-05,0.0,0
0.1411017238466671,0.16682445791832018,1691.0,40050.0,0.00026798914452549514,-6.933894019338382e-05,0.0,39321.0,-5.3310992378267685e-05,0.0,0
0.1410988491736169,0.16682445791832018,1692.0,40050.0,0.00026511447147533777,-6.933894019342881e-05,0.0,39321.0,-5.3310992378267685e-05,0.0,0
0.14109600310404152,0.16682445791832018,1693.0,40050.0,0.000262268401899939,-6.93389401933993e-05,0.0,39321.0,-5.3310992378267685e-05,0.0,0
0.14109318535333157,0.16682445791832018,1694.0,40050.0,0.000259450651189994,-6.933894019339409e-05,0.0,39321.0,-5.3310992378267685e-05,0.0,0
0.14109039563970965,0.16682445791832018,1695.0,40050.0,0.0002566609375680472,-6.933894019337567e-05,0.0,39321.0,-5.3310992378267685e-05,0.0,0
0.14108763368420207,0.16682445791832018,1696.0,40050.0,0.0002538989820604444,-6.933894019336089e-05,0.0,39321.0,-5.3310992378267685e-05,0.0,0
0.1410848992106109,0.16682445791832018,1697.0,40050.0,0.0002511645084693149,-6.933894019340385e-05,0.0,39321.0,-5.3310992378267685e-05,0.0,0
0.14108219194548666,0.16682445791832018,1698.0,40050.0,0.0002484572433450257,-6.933894019335505e-05,0.0,39321.0,-5.3310992378267685e-05,0.0,0
0.14107951161810045,0.16682445791832018,1699.0,40050.0,0.00024577691595880876,-6.933894019334286e-05,0.0,39321.0,-5.3310992378267685e-05,0.0,0
0.1410768579604173,0.16682445791832018,1700.0,40050.0,0.0002431232582756887,-6.933894019337341e-05,0.0,39321.0,-5.3310992378267685e-05,0.0,0
0.1410742307070693,0.16682445791832018,1701.0,40050.0,0.0002404960049276957,-6.933894019339871e-05,0.0,39321.0,-5.3310992378267685e-05,0.0,0
0.14107162959532887,0.16682445791832018,1702.0,40050.0,0.00023789489318728696,-6.933894019339987e-05,0.0,39321.0,-5.3310992378267685e-05,0.0,0
0.14106905436508277,0.16682445791832018,1703.0,40050.0,0.00023531966294113526,-6.933894019335366e-05,0.0,39321.0,-5.3310992378267685e-05,0.0,0
0.14106650475880567,0.16682445791832018,1704.0,40050.0,0.00023277005666407462,-6.933894019338538e-05,0.0,39321.0,-5.3310992378267685e-05,0.0,0
0.14106398052153493,0.16682445791832018,1705.0,40050.0,0.00023024581939333998,-6.933894019339514e-05,0.0,39321.0,-5.3310992378267685e-05,0.0,0
0.14106148140084468,0.16682445791832018,1706.0,40050.0,0.0002277466987031076,-6.933894019340357e-05,0.0,39321.0,-5.3310992378267685e-05,0.0,0
0.14105900714682082,0.16682445791832018,1707.0,40050.0,0.00022527244467921697,-6.933894019338069e-05,0.0,39321.0,-5.3310992378267685e-05,0.0,0
0.1410565575120358,0.16682445791832018,1708.0,40050.0,0.00022282280989421293,-6.933894019338774e-05,0.0,39321.0,-5.3310992378267685e-05,0.0,0
0.14105413225152416,0.16682445791832018,1709.0,40050.0,0.00022039754938257104,-6.933894019339924e-05,0.0,39321.0,-5.3310992378267685e-05,0.0,0
0.14105173112275782,0.16682445791832018,1710.0,40050.0,0.0002179964206162345,-6.933894019341784e-05,0.0,39321.0,-5.3310992378267685e-05,0.0,0
0.1410493538856219,0.16682445791832018,1711.0,40050.0,0.00021561918348030783,-6.9338940193393e-05,0.0,39321.0,-5.3310992378267685e-05,0.0,0
0.14104700030239067,0.16682445791832018,1712.0,40050.0,0.00021326560024909644,-6.933894019340934e-05,0.0,39321.0,-5.3310992378267685e-05,0.0,0
0.14104467013770391,0.16682445791832018,1713.0,40050.0,0.00021093543556231472,-6.933894019339814e-05,0.0,39321.0,-5.3310992378267685e-05,0.0,0
0.14104236315854318,0.16682445791832018,1714.0,40050.0,0.0002086284564015691,-6.933894019337867e-05,0.0,39321.0,-5.3310992378267685e-05,0.0,0
0.14104007913420863,0.16682445791832018,1715.0,40050.0,0.0002063444320670069,-6.933894019337295e-05,0.0,39321.0,-5.3310992378267685e-05,0.0,0
0.1410378178362959,0.16682445791832018,1716.0,40050.0,0.00020408313415430318,-6.933894019340103e-05,0.0,39321.0,-5.3310992378267685e-05,0.0,0
0.14103557903867336,0.16682445791832018,1717.0,40050.0,0.0002018443365317617,-6.933894019338145e-05,0.0,39321.0,-5.3310992378267685e-05,0.0,0
0.14103336251745935,0.16682445791832018,1718.0,40050.0,0.00019962781531777458,-6.9338940193409e-05,0.0,39321.0,-5.3310992378267685e-05,0.0,0
0.14103116805099994,0.16682445791832018,1719.0,40050.0,0.00019743334885835746,-6.933894019340599e-05,0.0,39321.0,-5.3310992378267685e-05,0.0,0
0.14102899541984665,0.16682445791832018,1720.0,40050.0,0.0001952607177050432,-6.933894019336365e-05,0.0,39321.0,-5.3310992378267685e-05,0.0,0
0.1410268444067345,0.16682445791832018,1721.0,40050.0,0.00019310970459291118,-6.933894019341176e-05,0.0,39321.0,-5.3310992378267685e-05,0.0,0
0.14102471479656045,0.16682445791832018,1722.0,40050.0,0.00019098009441885947,-6.933894019340599e-05,0.0,39321.0,-5.3310992378267685e-05,0.0,0
0.14102260637636166,0.16682445791832018,1723.0,40050.0,0.00018887167422007792,-6.933894019339248e-05,0.0,39321.0,-5.3310992378267685e-05,0.0,0
0.1410205189352944,0.16682445791832018,1724.0,40050.0,0.0001867842331527972,-6.93389401933662e-05,0.0,39321.0,-5.3310992378267685e-05,0.0,0
0.1410184522646128,0.16682445791832018,1725.0,40050.0,0.0001847175624711906,-6.933894019338901e-05,0.0,39321.0,-5.3310992378267685e-05,0.0,0
0.14101640615764804,0.16682445791832018,1726.0,40050.0,0.0001826714555064353,-6.93389401933945e-05,0.0,39321.0,-5.3310992378267685e-05,0.0,0
0.14101438040978775,0.16682445791832018,1727.0,40050.0,0.0001806457076461531,-6.93389401933886e-05,0.0,39321.0,-5.3310992378267685e-05,0.0,0
0.14101237481845552,0.16682445791832018,1728.0,40050.0,0.00017864011631386496,-6.933894019332443e-05,0.0,39321.0,-5.3310992378267685e-05,0.0,0
0.14101038918309033,0.16682445791832018,1729.0,40050.0,0.00017665448094876665,-6.933894019341125e-05,0.0,39321.0,-5.3310992378267685e-05,0.0,0
0.14100842330512722,0.16682445791832018,1730.0,40050.0,0.00017468860298565925,-6.933894019341945e-05,0.0,39321.0,-5.3310992378267685e-05,0.0,0
0.1410064769879767,0.16682445791832018,1731.0,40050.0,0.00017274228583511147,-6.933894019341067e-05,0.0,39321.0,-5.3310992378267685e-05,0.0,0
0.14100455003700538,0.16682445791832018,1732.0,40050.0,0.0001708153348637914,-6.933894019339779e-05,0.0,39321.0,-5.3310992378267685e-05,0.0,0
0.14100264225951661,0.16682445791832018,1733.0,40050.0,0.00016890755737499098,-6.933894019335482e-05,0.0,39321.0,-5.3310992378267685e-05,0.0,0
0.14100075346473098,0.16682445791832018,1734.0,40050.0,0.00016701876258938352,-6.933894019339572e-05,0.0,39321.0,-5.3310992378267685e-05,0.0,0
0.1409988834637675,0.16682445791832018,1735.0,40050.0,0.00016514876162589326,-6.933894019339294e-05,0.0,39321.0,-5.3310992378267685e-05,0.0,0
0.14099703206962452,0.16682445791832018,1736.0,40050.0,0.00016329736748289502,-6.933894019334881e-05,0.0,39321.0,-5.3310992378267685e-05,0.0,0
0.14099519909716096,0.16682445791832018,1737.0,40050.0,0.00016146439501940805,-6.933894019342795e-05,0.0,39321.0,-5.3310992378267685e-05,0.0,0
0.14099338436307823,0.16682445791832018,1738.0,40050.0,0.00015964966093665403,-6.93389401934102e-05,0.0,39321.0,-5.3310992378267685e-05,0.0,0
0.14099158768590134,0.16682445791832018,1739.0,40050.0,0.00015785298375973697,-6.933894019339958e-05,0.0,39321.0,-5.3310992378267685e-05,0.0,0
0.140989808885961,0.16682445791832018,1740.0,40050.0,0.00015607418381942436,-6.93389401934087e-05,0.0,39321.0,-5.3310992378267685e-05,0.0,0
0.14098804778537583,0.16682445791832018,1741.0,40050.0,0.000154313083234248,-6.933894019340229e-05,0.0,39321.0,-5.3310992378267685e-05,0.0,0
0.14098630420803424,0.16682445791832018,1742.0,40050.0,0.00015256950589267153,-6.933894019341286e-05,0.0,39321.0,-5.3310992378267685e-05,0.0,0
0.14098457797957717,0.16682445791832018,1743.0,40050.0,0.0001508432774355235,-6.933894019333576e-05,0.0,39321.0,-5.3310992378267685e-05,0.0,0
0.14098286892738007,0.16682445791832018,1744.0,40050.0,0.00014913422523851142,-6.933894019343602e-05,0.0,39321.0,-5.3310992378267685e-05,0.0,0
0.14098117688053657,0.16682445791832018,1745.0,40050.0,0.00014744217839498698,-6.933894019339098e-05,0.0,39321.0,-5.3310992378267685e-05,0.0,0
0.1409795016698404,0.16682445791832018,1746.0,40050.0,0.00014576696769885868,-6.933894019343048e-05,0.0,39321.0,-5.3310992378267685e-05,0.0,0
0.1409778431277693,0.16682445791832018,1747.0,40050.0,0.00014410842562766096,-6.933894019335095e-05,0.0,39321.0,-5.3310992378267685e-05,0.0,0
0.14097620108846742,0.16682445791832018,1748.0,40050.0,0.00014246638632581485,-6.933894019337451e-05,0.0,39321.0,-5.3310992378267685e-05,0.0,0
0.14097457538772964,0.16682445791832018,1749.0,40050.0,0.00014084068558800064,-6.933894019334869e-05,0.0,39321.0,-5.3310992378267685e-05,0.0,0
0.1409729658629844,0.16682445791832018,1750.0,40050.0,0.00013923116084281056,-6.933894019337879e-05,0.0,39321.0,-5.3310992378267685e-05,0.0,0
0.14097137235327803,0.16682445791832018,1751.0,40050.0,0.0001376376511364179,-6.933894019337908e-05,0.0,39321.0,-5.3310992378267685e-05,0.0,0
0.14096979469925816,0.16682445791832018,1752.0,40050.0,0.00013605999711653152,-6.933894019334453e-05,0.0,39321.0,-5.3310992378267685e-05,0.0,0
0.14096823274315803,0.16682445791832018,1753.0,40050.0,0.00013449804101642215,-6.9338940193374e-05,0.0,39321.0,-5.3310992378267685e-05,0.0,0
0.14096668632878076,0.16682445791832018,1754.0,40050.0,0.0001329516266391831,-6.93389401934232e-05,0.0,39321.0,-5.3310992378267685e-05,0.0,0
0.1409651553014837,0.16682445791832018,1755.0,40050.0,0.00013142059934209113,-6.933894019337082e-05,0.0,39321.0,-5.3310992378267685e-05,0.0,0
0.14096363950816268,0.16682445791832018,1756.0,40050.0,0.0001299048060211402,-6.933894019344365e-05,0.0,39321.0,-5.3310992378267685e-05,0.0,0
0.14096213879723732,0.16682445791832018,1757.0,40050.0,0.00012840409509572785,-6.933894019341552e-05,0.0,39321.0,-5.3310992378267685e-05,0.0,0
0.14096065301863514,0.16682445791832018,1758.0,40050.0,0.00012691831649352763,-6.933894019337006e-05,0.0,39321.0,-5.3310992378267685e-05,0.0,0
0.14095918202377702,0.16682445791832018,1759.0,40050.0,0.00012544732163543575,-6.933894019340333e-05,0.0,39321.0,-5.3310992378267685e-05,0.0,0
0.14095772566556233,0.16682445791832018,1760.0,40050.0,0.00012399096342072602,-6.933894019338625e-05,0.0,39321.0,-5.3310992378267685e-05,0.0,0
0.14095628379835398,0.16682445791832018,1761.0,40050.0,0.00012254909621237835,-6.933894019338306e-05,0.0,39321.0,-5.3310992378267685e-05,0.0,0
0.14095485627796406,0.16682445791832018,1762.0,40050.0,0.00012112157582246822,-6.933894019339629e-05,0.0,39321.0,-5.3310992378267685e-05,0.0,0
0.1409534429616394,0.16682445791832018,1763.0,40050.0,0.00011970825949775447,-6.933894019335609e-05,0.0,39321.0,-5.3310992378267685e-05,0.0,0
0.140952043708047,0.16682445791832018,1764.0,40050.0,0.00011830900590545194,-6.933894019342177e-05,0.0,39321.0,-5.3310992378267685e-05,0.0,0
0.14095065837726062,0.16682445791832018,1765.0,40050.0,0.0001169236751190087,-6.933894019337688e-05,0.0,39321.0,-5.3310992378267685e-05,0.0,0
0.14094928683074576,0.16682445791832018,1766.0,40050.0,0.00011555212860420699,-6.933894019343655e-05,0.0,39321.0,-5.3310992378267685e-05,0.0,0
0.14094792893134686,0.16682445791832018,1767.0,40050.0,0.00011419422920523883,-6.933894019336158e-05,0.0,39321.0,-5.3310992378267685e-05,0.0,0
0.14094658454327263,0.16682445791832018,1768.0,40050.0,0.00011284984113105187,-6.933894019340617e-05,0.0,39321.0,-5.3310992378267685e-05,0.0,0
0.14094525353208331,0.16682445791832018,1769.0,40050.0,0.00011151882994170298,-6.933894019337006e-05,0.0,39321.0,-5.3310992378267685e-05,0.0,0
0.14094393576467656,0.16682445791832018,1770.0,40050.0,0.00011020106253497317,-6.933894019340282e-05,0.0,39321.0,-5.3310992378267685e-05,0.0,0
0.14094263110927463,0.16682445791832018,1771.0,40050.0,0.0001088964071330202,-6.933894019338347e-05,0.0,39321.0,-5.3310992378267685e-05,0.0,0
0.14094133943541082,0.16682445791832018,1772.0,40050.0,0.00010760473326922139,-6.93389401933911e-05,0.0,39321.0,-5.3310992378267685e-05,0.0,0
0.14094006061391667,0.16682445791832018,1773.0,40050.0,0.00010632591177510244,-6.933894019340923e-05,0.0,39321.0,-5.3310992378267685e-05,0.0,0
0.14093879451690905,0.16682445791832018,1774.0,40050.0,0.00010505981476745642,-6.933894019340022e-05,0.0,39321.0,-5.3310992378267685e-05,0.0,0
0.14093754101777714,0.16682445791832018,1775.0,40050.0,0.00010380631563552252,-6.933894019337024e-05,0.0,39321.0,-5.3310992378267685e-05,0.0,0
0.14093629999116997,0.16682445791832018,1776.0,40050.0,0.00010256528902835898,-6.933894019337874e-05,0.0,39321.0,-5.3310992378267685e-05,0.0,0
0.14093507131298383,0.16682445791832018,1777.0,40050.0,0.00010133661084225196,-6.933894019341316e-05,0.0,39321.0,-5.3310992378267685e-05,0.0,0
0.14093385486034996,0.16682445791832018,1778.0,40050.0,0.00010012015820836223,-6.93389401933967e-05,0.0,39321.0,-5.3310992378267685e-05,0.0,0
0.140932650511622,0.16682445791832018,1779.0,40050.0,9.891580948041965e-05,-6.933894019342685e-05,0.0,39321.0,-5.3310992378267685e-05,0.0,0
0.14093145814636412,0.16682445791832018,1780.0,40050.0,9.772344422253708e-05,-6.933894019339595e-05,0.0,39321.0,-5.3310992378267685e-05,0.0,0
0.1409302776453388,0.16682445791832018,1781.0,40050.0,9.654294319721189e-05,-6.933894019338717e-05,0.0,39321.0,-5.3310992378267685e-05,0.0,0
0.1409291088904949,0.16682445791832018,1782.0,40050.0,9.537418835334549e-05,-6.933894019343372e-05,0.0,39321.0,-5.3310992378267685e-05,0.0,0
0.1409279517649561,0.16682445791832018,1783.0,40050.0,9.421706281447847e-05,-6.93389401933673e-05,0.0,39321.0,-5.3310992378267685e-05,0.0,0
0.1409268061530087,0.16682445791832018,1784.0,40050.0,9.30714508671011e-05,-6.933894019338099e-05,0.0,39321.0,-5.3310992378267685e-05,0.0,0
0.14092567194009065,0.16682445791832018,1785.0,40050.0,9.193723794905236e-05,-6.93389401933911e-05,0.0,39321.0,-5.3310992378267685e-05,0.0,0
0.14092454901277968,0.16682445791832018,1786.0,40050.0,9.08143106381061e-05,-6.933894019341449e-05,0.0,39321.0,-5.3310992378267685e-05,0.0,0
0.1409234372587822,0.16682445791832018,1787.0,40050.0,8.970255664058957e-05,-6.933894019336926e-05,0.0,39321.0,-5.3310992378267685e-05,0.0,0
0.1409223365669218,0.16682445791832018,1788.0,40050.0,8.860186478018086e-05,-6.93389401933867e-05,0.0,39321.0,-5.3310992378267685e-05,0.0,0
0.14092124682712837,0.16682445791832018,1789.0,40050.0,8.75121249867703e-05,-6.93389401933882e-05,0.0,39321.0,-5.3310992378267685e-05,0.0,0
0.14092016793042708,0.16682445791832018,1790.0,40050.0,8.643322828547679e-05,-6.933894019339554e-05,0.0,39321.0,-5.3310992378267685e-05,0.0,0
0.14091909976892733,0.16682445791832018,1791.0,40050.0,8.536506678572876e-05,-6.933894019338439e-05,0.0,39321.0,-5.3310992378267685e-05,0.0,0
0.14091804223581209,0.16682445791832018,1792.0,40050.0,8.430753367049005e-05,-6.933894019339716e-05,0.0,39321.0,-5.3310992378267685e-05,0.0,0
0.1409169952253272,0.16682445791832018,1793.0,40050.0,8.326052318555617e-05,-6.933894019336649e-05,0.0,39321.0,-5.3310992378267685e-05,0.0,0
0.1409159586327706,0.16682445791832018,1794.0,40050.0,8.22239306290212e-05,-6.933894019340167e-05,0.0,39321.0,-5.3310992378267685e-05,0.0,0
0.14091493235448235,0.16682445791832018,1795.0,40050.0,8.119765234075446e-05,-6.933894019338722e-05,0.0,39321.0,-5.3310992378267685e-05,0.0,0
0.14091391628783367,0.16682445791832018,1796.0,40050.0,8.018158569206917e-05,-6.933894019339062e-05,0.0,39321.0,-5.3310992378267685e-05,0.0,0
0.14091291033121703,0.16682445791832018,1797.0,40050.0,7.917562907546792e-05,-6.933894019342356e-05,0.0,39321.0,-5.3310992378267685e-05,0.0,0
0.140911914384036,0.16682445791832018,1798.0,40050.0,7.817968189444108e-05,-6.93389401934184e-05,0.0,39321.0,-5.3310992378267685e-05,0.0,0
0.140910928346695,0.16682445791832018,1799.0,40050.0,7.719364455344254e-05,-6.933894019343152e-05,0.0,39321.0,-5.3310992378267685e-05,0.0,0
0.1409099521205895,0.16682445791832018,1800.0,40050.0,7.621741844791275e-05,-6.933894019340727e-05,0.0,39321.0,-5.3310992378267685e-05,0.0,0
0.140908985608096,0.16682445791832018,1801.0,40050.0,7.525090595444041e-05,-6.93389401934101e-05,0.0,39321.0,-5.3310992378267685e-05,0.0,0
0.14090802871256253,0.16682445791832018,1802.0,40050.0,7.429401042095791e-05,-6.93389401934269e-05,0.0,39321.0,-5.3310992378267685e-05,0.0,0
0.14090708133829868,0.16682445791832018,1803.0,40050.0,7.334663615711018e-05,-6.933894019340652e-05,0.0,39321.0,-5.3310992378267685e-05,0.0,0
0.14090614339056629,0.16682445791832018,1804.0,40050.0,7.240868842469384e-05,-6.933894019338913e-05,0.0,39321.0,-5.3310992378267685e-05,0.0,0
0.14090521477556975,0.16682445791832018,1805.0,40050.0,7.148007342815527e-05,-6.933894019340426e-05,0.0,39321.0,-5.3310992378267685e-05,0.0,0
0.1409042954004468,0.16682445791832018,1806.0,40050.0,7.056069830521712e-05,-6.933894019340339e-05,0.0,39321.0,-5.3310992378267685e-05,0.0,0
0.14090338517325918,0.16682445791832018,1807.0,40050.0,6.965047111759318e-05,-6.933894019340553e-05,0.0,39321.0,-5.3310992378267685e-05,0.0,0
0.1409024840029834,0.16682445791832018,1808.0,40050.0,6.874930084181388e-05,-6.933894019338982e-05,0.0,39321.0,-5.3310992378267685e-05,0.0,0
0.14090159179950168,0.16682445791832018,1809.0,40050.0,6.785709736010485e-05,-6.933894019342402e-05,0.0,39321.0,-5.3310992378267685e-05,0.0,0
0.14090070847359293,0.16682445791832018,1810.0,40050.0,6.697377145135116e-05,-6.93389401934068e-05,0.0,39321.0,-5.3310992378267685e-05,0.0,0
0.14089983393692387,0.16682445791832018,1811.0,40050.0,6.609923478225705e-05,-6.933894019337614e-05,0.0,39321.0,-5.3310992378267685e-05,0.0,0
0.14089896810203997,0.16682445791832018,1812.0,40050.0,6.523339989840874e-05,-6.933894019343447e-05,0.0,39321.0,-5.3310992378267685e-05,0.0,0
0.1408981108823572,0.16682445791832018,1813.0,40050.0,6.437618021559938e-05,-6.933894019336753e-05,0.0,39321.0,-5.3310992378267685e-05,0.0,0
0.14089726219215273,0.16682445791832018,1814.0,40050.0,6.352749001115332e-05,-6.93389401934161e-05,0.0,39321.0,-5.3310992378267685e-05,0.0,0
0.14089642194655688,0.16682445791832018,1815.0,40050.0,6.268724441533128e-05,-6.933894019343181e-05,0.0,39321.0,-5.3310992378267685e-05,0.0,0
0.14089559006154448,0.16682445791832018,1816.0,40050.0,6.185535940287951e-05,-6.933894019337435e-05,0.0,39321.0,-5.3310992378267685e-05,0.0,0
0.14089476645392615,0.16682445791832018,1817.0,40050.0,6.103175178460587e-05,-6.933894019343707e-05,0.0,39321.0,-5.3310992378267685e-05,0.0,0
0.14089395104134067,0.16682445791832018,1818.0,40050.0,6.021633919905101e-05,-6.933894019335984e-05,0.0,39321.0,-5.3310992378267685e-05,0.0,0
0.14089314374224587,0.16682445791832018,1819.0,40050.0,5.9409040104299506e-05,-6.933894019341477e-05,0.0,39321.0,-5.3310992378267685e-05,0.0,0
0.14089234447591137,0.16682445791832018,1820.0,40050.0,5.860977376973612e-05,-6.933894019334662e-05,0.0,39321.0,-5.3310992378267685e-05,0.0,0
0.14089155316240964,0.16682445791832018,1821.0,40050.0,5.7818460268104826e-05,-6.933894019346028e-05,0.0,39321.0,-5.3310992378267685e-05,0.0,0
0.14089076972260894,0.16682445791832018,1822.0,40050.0,5.703502046734686e-05,-6.933894019338288e-05,0.0,39321.0,-5.3310992378267685e-05,0.0,0
0.14088999407816447,0.16682445791832018,1823.0,40050.0,5.625937602287414e-05,-6.933894019338168e-05,0.0,39321.0,-5.3310992378267685e-05,0.0,0
0.14088922615151117,0.16682445791832018,1824.0,40050.0,5.549144936956441e-05,-6.93389401933882e-05,0.0,39321.0,-5.3310992378267685e-05,0.0,0
0.1408884658658557,0.16682445791832018,1825.0,40050.0,5.4731163714124094e-05,-6.93389401934038e-05,0.0,39321.0,-5.3310992378267685e-05,0.0,0
0.14088771314516893,0.16682445791832018,1826.0,40050.0,5.3978443027350446e-05,-6.933894019340137e-05,0.0,39321.0,-5.3310992378267685e-05,0.0,0
0.14088696791417815,0.16682445791832018,1827.0,40050.0,5.323321203656116e-05,-6.933894019337982e-05,0.0,39321.0,-5.3310992378267685e-05,0.0,0
0.14088623009835963,0.16682445791832018,1828.0,40050.0,5.249539621801924e-05,-6.933894019338288e-05,0.0,39321.0,-5.3310992378267685e-05,0.0,0
0.14088549962393113,0.16682445791832018,1829.0,40050.0,5.176492178953525e-05,-6.933894019340155e-05,0.0,39321.0,-5.3310992378267685e-05,0.0,0
0.14088477641784466,0.16682445791832018,1830.0,40050.0,5.104171570306038e-05,-6.93389401933692e-05,0.0,39321.0,-5.3310992378267685e-05,0.0,0
0.14088406040777898,0.16682445791832018,1831.0,40050.0,5.0325705637375615e-05,-6.933894019337596e-05,0.0,39321.0,-5.3310992378267685e-05,0.0,0
0.1408833515221325,0.16682445791832018,1832.0,40050.0,4.961681999088242e-05,-6.933894019336856e-05,0.0,39321.0,-5.3310992378267685e-05,0.0,0
0.140882649690016,0.16682445791832018,1833.0,40050.0,4.891498787442364e-05,-6.93389401934258e-05,0.0,39321.0,-5.3310992378267685e-05,0.0,0
0.1408819548412458,0.16682445791832018,1834.0,40050.0,4.822013910420339e-05,-6.933894019339478e-05,0.0,39321.0,-5.3310992378267685e-05,0.0,0
0.14088126690633634,0.16682445791832018,1835.0,40050.0,4.75322041947653e-05,-6.933894019340778e-05,0.0,39321.0,-5.3310992378267685e-05,0.0,0
0.14088058581649363,0.16682445791832018,1836.0,40050.0,4.685111435204127e-05,-6.933894019339305e-05,0.0,39321.0,-5.3310992378267685e-05,0.0,0
0.14087991150360812,0.16682445791832018,1837.0,40050.0,4.617680146649531e-05,-6.933894019336186e-05,0.0,39321.0,-5.3310992378267685e-05,0.0,0
0.1408792439002479,0.16682445791832018,1838.0,40050.0,4.5509198106260564e-05,-6.933894019336504e-05,0.0,39321.0,-5.3310992378267685e-05,0.0,0
0.14087858293965205,0.16682445791832018,1839.0,40050.0,4.4848237510449054e-05,-6.933894019339248e-05,0.0,39321.0,-5.3310992378267685e-05,0.0,0
0.140877928555724,0.16682445791832018,1840.0,40050.0,4.419385358245209e-05,-6.933894019342685e-05,0.0,39321.0,-5.3310992378267685e-05,0.0,0
0.14087728068302494,0.16682445791832018,1841.0,40050.0,4.354598088332789e-05,-6.933894019337042e-05,0.0,39321.0,-5.3310992378267685e-05,0.0,0
0.14087663925676686,0.16682445791832018,1842.0,40050.0,4.2904554625276554e-05,-6.933894019340686e-05,0.0,39321.0,-5.3310992378267685e-05,0.0,0
0.14087600421280672,0.16682445791832018,1843.0,40050.0,4.2269510665121874e-05,-6.933894019338543e-05,0.0,39321.0,-5.3310992378267685e-05,0.0,0
0.14087537548763956,0.16682445791832018,1844.0,40050.0,4.164078549795331e-05,-6.933894019337752e-05,0.0,39321.0,-5.3310992378267685e-05,0.0,0
0.14087475301839228,0.16682445791832018,1845.0,40050.0,4.10183162507242e-05,-6.933894019342193e-05,0.0,39321.0,-5.3310992378267685e-05,0.0,0
0.14087413674281757,0.16682445791832018,1846.0,40050.0,4.040204067598112e-05,-6.933894019340073e-05,0.0,39321.0,-5.3310992378267685e-05,0.0,0
0.14087352659928726,0.16682445791832018,1847.0,40050.0,3.979189714567402e-05,-6.933894019339236e-05,0.0,39321.0,-5.3310992378267685e-05,0.0,0
0.14087292252678657,0.16682445791832018,1848.0,40050.0,3.91878246449288e-05,-6.933894019335165e-05,0.0,39321.0,-5.3310992378267685e-05,0.0,0
0.14087232446490758,0.16682445791832018,1849.0,40050.0,3.858976276599029e-05,-6.933894019339133e-05,0.0,39321.0,-5.3310992378267685e-05,0.0,0
0.14087173235384376,0.16682445791832018,1850.0,40050.0,3.7997651702174745e-05,-6.933894019340895e-05,0.0,39321.0,-5.3310992378267685e-05,0.0,0
0.14087114613438348,0.16682445791832018,1851.0,40050.0,3.741143224189087e-05,-6.93389401933945e-05,0.0,39321.0,-5.3310992378267685e-05,0.0,0
0.1408705657479043,0.16682445791832018,1852.0,40050.0,3.683104576268609e-05,-6.93389401933793e-05,0.0,39321.0,-5.3310992378267685e-05,0.0,0
0.14086999113636706,0.16682445791832018,1853.0,40050.0,3.625643422545183e-05,-6.933894019336937e-05,0.0,39321.0,-5.3310992378267685e-05,0.0,0
0.1408694222423101,0.16682445791832018,1854.0,40050.0,3.5687540168534284e-05,-6.933894019339358e-05,0.0,39321.0,-5.3310992378267685e-05,0.0,0
0.14086885900884363,0.16682445791832018,1855.0,40050.0,3.5124306702057405e-05,-6.933894019343337e-05,0.0,39321.0,-5.3310992378267685e-05,0.0,0
0.14086830137964382,0.16682445791832018,1856.0,40050.0,3.4566677502213945e-05,-6.933894019338352e-05,0.0,39321.0,-5.3310992378267685e-05,0.0,0
0.1408677492989472,0.16682445791832018,1857.0,40050.0,3.401459680562439e-05,-6.933894019342303e-05,0.0,39321.0,-5.3310992378267685e-05,0.0,0
0.14086720271154535,0.16682445791832018,1858.0,40050.0,3.346800940374053e-05,-6.933894019337099e-05,0.0,39321.0,-5.3310992378267685e-05,0.0,0
0.14086666156277897,0.16682445791832018,1859.0,40050.0,3.292686063737781e-05,-6.933894019339993e-05,0.0,39321.0,-5.3310992378267685e-05,0.0,0
0.14086612579853278,0.16682445791832018,1860.0,40050.0,3.239109639120751e-05,-6.933894019341957e-05,0.0,39321.0,-5.3310992378267685e-05,0.0,0
0.14086559536522994,0.16682445791832018,1861.0,40050.0,3.186066308834983e-05,-6.933894019340767e-05,0.0,39321.0,-5.3310992378267685e-05,0.0,0
0.1408650702098267,0.16682445791832018,1862.0,40050.0,3.133550768505012e-05,-6.933894019335627e-05,0.0,39321.0,-5.3310992378267685e-05,0.0,0
0.14086455027980693,0.16682445791832018,1863.0,40050.0,3.0815577665319065e-05,-6.933894019336689e-05,0.0,39321.0,-5.3310992378267685e-05,0.0,0
0.14086403552317733,0.16682445791832018,1864.0,40050.0,3.03008210357275e-05,-6.933894019337042e-05,0.0,39321.0,-5.3310992378267685e-05,0.0,0
0.1408635258884618,0.16682445791832018,1865.0,40050.0,2.9791186320169308e-05,-6.933894019336245e-05,0.0,39321.0,-5.3310992378267685e-05,0.0,0
0.14086302132469633,0.16682445791832018,1866.0,40050.0,2.928662255476472e-05,-6.933894019341916e-05,0.0,39321.0,-5.3310992378267685e-05,0.0,0
0.14086252178142428,0.16682445791832018,1867.0,40050.0,2.878707928270052e-05,-6.933894019341252e-05,0.0,39321.0,-5.3310992378267685e-05,0.0,0
0.14086202720869084,0.16682445791832018,1868.0,40050.0,2.82925065492564e-05,-6.933894019340218e-05,0.0,39321.0,-5.3310992378267685e-05,0.0,0
0.14086153755703829,0.16682445791832018,1869.0,40050.0,2.7802854896730574e-05,-6.933894019342818e-05,0.0,39321.0,-5.3310992378267685e-05,0.0,0
0.14086105277750116,0.16682445791832018,1870.0,40050.0,2.731807535954373e-05,-6.933894019338116e-05,0.0,39321.0,-5.3310992378267685e-05,0.0,0
0.14086057282160092,0.16682445791832018,1871.0,40050.0,2.6838119459353457e-05,-6.933894019343962e-05,0.0,39321.0,-5.3310992378267685e-05,0.0,0
0.14086009764134177,0.16682445791832018,1872.0,40050.0,2.6362939200158637e-05,-6.933894019336794e-05,0.0,39321.0,-5.3310992378267685e-05,0.0,0
0.14085962718920514,0.16682445791832018,1873.0,40050.0,2.5892487063551443e-05,-6.933894019339623e-05,0.0,39321.0,-5.3310992378267685e-05,0.0,0
0.1408591614181455,0.16682445791832018,1874.0,40050.0,2.542671600390868e-05,-6.933894019339547e-05,0.0,39321.0,-5.3310992378267685e-05,0.0,0
0.14085870028158534,0.16682445791832018,1875.0,40050.0,2.496557944374204e-05,-6.933894019338531e-05,0.0,39321.0,-5.3310992378267685e-05,0.0,0
0.1408582437334106,0.16682445791832018,1876.0,40050.0,2.450903126901393e-05,-6.933894019339386e-05,0.0,39321.0,-5.3310992378267685e-05,0.0,0
0.14085779172796614,0.16682445791832018,1877.0,40050.0,2.405702582453047e-05,-6.933894019337254e-05,0.0,39321.0,-5.3310992378267685e-05,0.0,0
0.140857344220051,0.16682445791832018,1878.0,40050.0,2.3609517909366496e-05,-6.933894019334534e-05,0.0,39321.0,-5.3310992378267685e-05,0.0,0
0.14085690116491395,0.16682445791832018,1879.0,40050.0,2.3166462772358657e-05,-6.93389401933867e-05,0.0,39321.0,-5.3310992378267685e-05,0.0,0
0.14085646251824924,0.16682445791832018,1880.0,40050.0,2.2727816107611623e-05,-6.93389401933648e-05,0.0,39321.0,-5.3310992378267685e-05,0.0,0
0.14085602823619175,0.16682445791832018,1881.0,40050.0,2.2293534050113948e-05,-6.933894019335221e-05,0.0,39321.0,-5.3310992378267685e-05,0.0,0
0.14085559827531288,0.16682445791832018,1882.0,40050.0,2.186357317128977e-05,-6.933894019338405e-05,0.0,39321.0,-5.3310992378267685e-05,0.0,0
0.14085517259261626,0.16682445791832018,1883.0,40050.0,2.143789047467945e-05,-6.933894019341362e-05,0.0,39321.0,-5.3310992378267685e-05,0.0,0
0.1408547511455333,0.16682445791832018,1884.0,40050.0,2.1016443391680932e-05,-6.933894019337497e-05,0.0,39321.0,-5.3310992378267685e-05,0.0,0
0.14085433389191881,0.16682445791832018,1885.0,40050.0,2.0599189777223508e-05,-6.933894019339161e-05,0.0,39321.0,-5.3310992378267685e-05,0.0,0
0.14085392079004716,0.16682445791832018,1886.0,40050.0,2.018608790559601e-05,-6.933894019342898e-05,0.0,39321.0,-5.3310992378267685e-05,0.0,0
0.1408535117986079,0.16682445791832018,1887.0,40050.0,1.9777096466270834e-05,-6.933894019337389e-05,0.0,39321.0,-5.3310992378267685e-05,0.0,0
0.14085310687670136,0.16682445791832018,1888.0,40050.0,1.937217455976327e-05,-6.9338940193403e-05,0.0,39321.0,-5.3310992378267685e-05,0.0,0
0.14085270598383512,0.16682445791832018,1889.0,40050.0,1.8971281693534667e-05,-6.933894019340565e-05,0.0,39321.0,-5.3310992378267685e-05,0.0,0
0.1408523090799196,0.16682445791832018,1890.0,40050.0,1.8574377777985335e-05,-6.933894019337279e-05,0.0,39321.0,-5.3310992378267685e-05,0.0,0
0.140851916125264,0.16682445791832018,1891.0,40050.0,1.8181423122380867e-05,-6.933894019339802e-05,0.0,39321.0,-5.3310992378267685e-05,0.0,0
0.14085152708057253,0.16682445791832018,1892.0,40050.0,1.779237843092265e-05,-6.933894019339057e-05,0.0,39321.0,-5.3310992378267685e-05,0.0,0
0.14085114190694042,0.16682445791832018,1893.0,40050.0,1.7407204798832886e-05,-6.933894019340346e-05,0.0,39321.0,-5.3310992378267685e-05,0.0,0
0.14085076056585,0.16682445791832018,1894.0,40050.0,1.7025863708399283e-05,-6.93389401933934e-05,0.0,39321.0,-5.3310992378267685e-05,0.0,0
0.1408503830191668,0.16682445791832018,1895.0,40050.0,1.664831702523326e-05,-6.933894019342448e-05,0.0,39321.0,-5.3310992378267685e-05,0.0,0
0.1408500092291359,0.16682445791832018,1896.0,40050.0,1.627452699432234e-05,-6.933894019339924e-05,0.0,39321.0,-5.3310992378267685e-05,0.0,0
0.14084963915837792,0.16682445791832018,1897.0,40050.0,1.590445623636185e-05,-6.933894019344626e-05,0.0,39321.0,-5.3310992378267685e-05,0.0,0
0.14084927276988557,0.16682445791832018,1898.0,40050.0,1.5538067743969416e-05,-6.933894019339381e-05,0.0,39321.0,-5.3310992378267685e-05,0.0,0
0.14084891002701957,0.16682445791832018,1899.0,40050.0,1.5175324877987708e-05,-6.933894019340946e-05,0.0,39321.0,-5.3310992378267685e-05,0.0,0
0.14084855089350543,0.16682445791832018,1900.0,40050.0,1.481619136382521e-05,-6.933894019337435e-05,0.0,39321.0,-5.3310992378267685e-05,0.0,0
0.14084819533342946,0.16682445791832018,1901.0,40050.0,1.4460631287844789e-05,-6.933894019336504e-05,0.0,39321.0,-5.3310992378267685e-05,0.0,0
0.14084784331123534,0.16682445791832018,1902.0,40050.0,1.410860909373193e-05,-6.93389401933793e-05,0.0,39321.0,-5.3310992378267685e-05,0.0,0
0.14084749479172057,0.16682445791832018,1903.0,40050.0,1.3760089578963922e-05,-6.933894019338242e-05,0.0,39321.0,-5.3310992378267685e-05,0.0,0
0.1408471497400329,0.16682445791832018,1904.0,40050.0,1.341503789131887e-05,-6.933894019341616e-05,0.0,39321.0,-5.3310992378267685e-05,0.0,0
0.14084680812166692,0.16682445791832018,1905.0,40050.0,1.3073419525327933e-05,-6.933894019338393e-05,0.0,39321.0,-5.3310992378267685e-05,0.0,0
0.14084646990246044,0.16682445791832018,1906.0,40050.0,1.2735200318874814e-05,-6.933894019342396e-05,0.0,39321.0,-5.3310992378267685e-05,0.0,0
0.14084613504859134,0.16682445791832018,1907.0,40050.0,1.2400346449751044e-05,-6.933894019339953e-05,0.0,39321.0,-5.3310992378267685e-05,0.0,0
0.14084580352657386,0.16682445791832018,1908.0,40050.0,1.2068824432289952e-05,-6.933894019343158e-05,0.0,39321.0,-5.3310992378267685e-05,0.0,0
0.1408454753032556,0.16682445791832018,1909.0,40050.0,1.1740601114030349e-05,-6.933894019338214e-05,0.0,39321.0,-5.3310992378267685e-05,0.0,0
0.14084515034581394,0.16682445791832018,1910.0,40050.0,1.1415643672348545e-05,-6.933894019340155e-05,0.0,39321.0,-5.3310992378267685e-05,0.0,0
0.14084482862175282,0.16682445791832018,1911.0,40050.0,1.1093919611236275e-05,-6.933894019339392e-05,0.0,39321.0,-5.3310992378267685e-05,0.0,0
0.1408445100988996,0.16682445791832018,1912.0,40050.0,1.077539675802395e-05,-6.93389401934302e-05,0.0,39321.0,-5.3310992378267685e-05,0.0,0
0.14084419474540175,0.16682445791832018,1913.0,40050.0,1.0460043260146133e-05,-6.933894019337803e-05,0.0,39321.0,-5.3310992378267685e-05,0.0,0
0.1408438825297236,0.16682445791832018,1914.0,40050.0,1.0147827582009018e-05,-6.933894019340132e-05,0.0,39321.0,-5.3310992378267685e-05,0.0,0
0.14084357342064338,0.16682445791832018,1915.0,40050.0,9.838718501769721e-06,-6.933894019337897e-05,0.0,39321.0,-5.3310992378267685e-05,0.0,0
0.1408432673872499,0.16682445791832018,1916.0,40050.0,9.532685108271012e-06,-6.933894019335002e-05,0.0,39321.0,-5.3310992378267685e-05,0.0,0
0.14084296439893948,0.16682445791832018,1917.0,40050.0,9.2296967979207e-06,-6.933894019341454e-05,0.0,39321.0,-5.3310992378267685e-05,0.0,0
0.1408426644254132,0.16682445791832018,1918.0,40050.0,8.929723271619893e-06,-6.933894019340392e-05,0.0,39321.0,-5.3310992378267685e-05,0.0,0
0.14084236743667336,0.16682445791832018,1919.0,40050.0,8.632734531781315e-06,-6.93389401934105e-05,0.0,39321.0,-5.3310992378267685e-05,0.0,0
0.14084207340302088,0.16682445791832018,1920.0,40050.0,8.338700879280566e-06,-6.933894019339317e-05,0.0,39321.0,-5.3310992378267685e-05,0.0,0
0.1408417822950521,0.16682445791832018,1921.0,40050.0,8.047592910505941e-06,-6.933894019340466e-05,0.0,39321.0,-5.3310992378267685e-05,0.0,0
0.14084149408365598,0.16682445791832018,1922.0,40050.0,7.759381514419342e-06,-6.933894019341876e-05,0.0,39321.0,-5.3310992378267685e-05,0.0,0
0.14084120874001124,0.16682445791832018,1923.0,40050.0,7.474037869632613e-06,-6.933894019336158e-05,0.0,39321.0,-5.3310992378267685e-05,0.0,0
0.14084092623558314,0.16682445791832018,1924.0,40050.0,7.191533441552627e-06,-6.93389401933922e-05,0.0,39321.0,-5.3310992378267685e-05,0.0,0
0.14084064654212108,0.16682445791832018,1925.0,40050.0,6.911839979500006e-06,-6.933894019339825e-05,0.0,39321.0,-5.3310992378267685e-05,0.0,0
0.1408403696316555,0.16682445791832018,1926.0,40050.0,6.6349295138902685e-06,-6.93389401933971e-05,0.0,39321.0,-5.3310992378267685e-05,0.0,0
0.14084009547649506,0.16682445791832018,1927.0,40050.0,6.360774353458929e-06,-6.933894019339398e-05,0.0,39321.0,-5.3310992378267685e-05,0.0,0
0.14083982404922404,0.16682445791832018,1928.0,40050.0,6.089347082444722e-06,-6.933894019338145e-05,0.0,39321.0,-5.3310992378267685e-05,0.0,0
0.14083955532269948,0.16682445791832018,1929.0,40050.0,5.820620557900219e-06,-6.933894019339981e-05,0.0,39321.0,-5.3310992378267685e-05,0.0,0
0.14083928927004857,0.16682445791832018,1930.0,40050.0,5.55456790695655e-06,-6.933894019336833e-05,0.0,39321.0,-5.3310992378267685e-05,0.0,0
0.1408390258646657,0.16682445791832018,1931.0,40050.0,5.291162524117328e-06,-6.93389401933979e-05,0.0,39321.0,-5.3310992378267685e-05,0.0,0
0.1408387650802102,0.16682445791832018,1932.0,40050.0,5.0303780686317915e-06,-6.933894019340801e-05,0.0,39321.0,-5.3310992378267685e-05,0.0,0
0.1408385068906034,0.16682445791832018,1933.0,40050.0,4.772188461830425e-06,-6.933894019342984e-05,0.0,39321.0,-5.3310992378267685e-05,0.0,0
0.14083825127002617,0.16682445791832018,1934.0,40050.0,4.516567884540718e-06,-6.933894019336527e-05,0.0,39321.0,-5.3310992378267685e-05,0.0,0
0.1408379981929161,0.16682445791832018,1935.0,40050.0,4.263490774501196e-06,-6.933894019341286e-05,0.0,39321.0,-5.3310992378267685e-05,0.0,0
0.14083774763396537,0.16682445791832018,1936.0,40050.0,4.012931823773061e-06,-6.933894019338844e-05,0.0,39321.0,-5.3310992378267685e-05,0.0,0
0.14083749956811786,0.16682445791832018,1937.0,40050.0,3.764865976261429e-06,-6.933894019338648e-05,0.0,39321.0,-5.3310992378267685e-05,0.0,0
0.14083725397056676,0.16682445791832018,1938.0,40050.0,3.51926842517871e-06,-6.933894019338947e-05,0.0,39321.0,-5.3310992378267685e-05,0.0,0
0.14083701081675218,0.16682445791832018,1939.0,40050.0,3.2761146105503047e-06,-6.933894019335095e-05,0.0,39321.0,-5.3310992378267685e-05,0.0,0
0.1408367700823584,0.16682445791832018,1940.0,40050.0,3.0353802168101265e-06,-6.933894019339248e-05,0.0,39321.0,-5.3310992378267685e-05,0.0,0
0.14083653174331187,0.16682445791832018,1941.0,40050.0,2.7970411703002072e-06,-6.933894019341991e-05,0.0,39321.0,-5.3310992378267685e-05,0.0,0
0.1408362957757785,0.16682445791832018,1942.0,40050.0,2.561073636932973e-06,-6.933894019341252e-05,0.0,39321.0,-5.3310992378267685e-05,0.0,0
0.1408360621561613,0.16682445791832018,1943.0,40050.0,2.327454019757522e-06,-6.933894019344243e-05,0.0,39321.0,-5.3310992378267685e-05,0.0,0
0.1408358308610982,0.16682445791832018,1944.0,40050.0,2.0961589566027217e-06,-6.933894019342095e-05,0.0,39321.0,-5.3310992378267685e-05,0.0,0
0.1408356018674594,0.16682445791832018,1945.0,40050.0,1.8671653177897964e-06,-6.933894019338896e-05,0.0,39321.0,-5.3310992378267685e-05,0.0,0
0.14083537515234534,0.16682445791832018,1946.0,40050.0,1.6404502037464708e-06,-6.933894019339329e-05,0.0,39321.0,-5.3310992378267685e-05,0.0,0
0.14083515069308436,0.16682445791832018,1947.0,40050.0,1.415990942781605e-06,-6.933894019339352e-05,0.0,39321.0,-5.3310992378267685e-05,0.0,0
0.1408349284672304,0.16682445791832018,1948.0,40050.0,1.1937650887791368e-06,-6.933894019337463e-05,0.0,39321.0,-5.3310992378267685e-05,0.0,0
0.14083470845256055,0.16682445791832018,1949.0,40050.0,9.737504189767158e-07,-6.93389401934258e-05,0.0,39321.0,-5.3310992378267685e-05,0.0,0
0.14083449062707332,0.16682445791832018,1950.0,40050.0,7.559249316973631e-07,-6.933894019338e-05,0.0,39321.0,-5.3310992378267685e-05,0.0,0
0.14083427496898585,0.16682445791832018,1951.0,40050.0,5.402668442551343e-07,-6.933894019339682e-05,0.0,39321.0,-5.3310992378267685e-05,0.0,0
0.14083406145673222,0.16682445791832018,1952.0,40050.0,3.2675459062448596e-07,-6.933894019338607e-05,0.0,39321.0,-5.3310992378267685e-05,0.0,0
0.14083385006896104,0.16682445791832018,1953.0,40050.0,1.1536681940501257e-07,-6.93389401933495e-05,0.0,39321.0,-5.3310992378267685e-05,0.0,0
0.14083364078453325,0.16682445791832018,1954.0,40050.0,-9.391760833644051e-08,-6.933894019339462e-05,0.0,39321.0,-5.3310992378267685e-05,0.0,0
0.14083343358252037,0.16682445791832018,1955.0,40050.0,-3.011196212322565e-07,-6.933894019338046e-05,0.0,39321.0,-5.3310992378267685e-05,0.0,0
0.14083322844220195,0.16682445791832018,1956.0,40050.0,-5.062599396495259e-07,-6.9338940193396e-05,0.0,39321.0,-5.3310992378267685e-05,0.0,0
0.1408330253430638,0.16682445791832018,1957.0,40050.0,-7.093590778020432e-07,-6.933894019337826e-05,0.0,39321.0,-5.3310992378267685e-05,0.0,0
0.14083282426479585,0.16682445791832018,1958.0,40050.0,-9.104373457544942e-07,-6.933894019337157e-05,0.0,39321.0,-5.3310992378267685e-05,0.0,0
0.14083262518729012,0.16682445791832018,1959.0,40050.0,-1.1095148515128066e-06,-6.933894019335834e-05,0.0,39321.0,-5.3310992378267685e-05,0.0,0
0.1408324280906386,0.16682445791832018,1960.0,40050.0,-1.3066115029907928e-06,-6.933894019339335e-05,0.0,39321.0,-5.3310992378267685e-05,0.0,0
0.1408322329551316,0.16682445791832018,1961.0,40050.0,-1.5017470100203299e-06,-6.933894019337024e-05,0.0,39321.0,-5.3310992378267685e-05,0.0,0
0.14083203976125525,0.16682445791832018,1962.0,40050.0,-1.6949408863242683e-06,-6.93389401934116e-05,0.0,39321.0,-5.3310992378267685e-05,0.0,0
0.14083184848969016,0.16682445791832018,1963.0,40050.0,-1.8862124514312065e-06,-6.933894019338393e-05,0.0,39321.0,-5.3310992378267685e-05,0.0,0
0.14083165912130896,0.16682445791832018,1964.0,40050.0,-2.0755808326672163e-06,-6.933894019336371e-05,0.0,39321.0,-5.3310992378267685e-05,0.0,0
0.14083147163717455,0.16682445791832018,1965.0,40050.0,-2.2630649670253454e-06,-6.933894019340865e-05,0.0,39321.0,-5.3310992378267685e-05,0.0,0
0.1408312860185385,0.16682445791832018,1966.0,40050.0,-2.4486836030803634e-06,-6.933894019341373e-05,0.0,39321.0,-5.3310992378267685e-05,0.0,0
0.14083110224683873,0.16682445791832018,1967.0,40050.0,-2.6324553028382374e-06,-6.933894019341651e-05,0.0,39321.0,-5.3310992378267685e-05,0.0,0
0.14083092030369793,0.16682445791832018,1968.0,40050.0,-2.814398443637245e-06,-6.93389401934105e-05,0.0,39321.0,-5.3310992378267685e-05,0.0,0
0.14083074017092165,0.16682445791832018,1969.0,40050.0,-2.9945312199451623e-06,-6.933894019336989e-05,0.0,39321.0,-5.3310992378267685e-05,0.0,0
0.14083056183049641,0.16682445791832018,1970.0,40050.0,-3.172871645174255e-06,-6.93389401933967e-05,0.0,39321.0,-5.3310992378267685e-05,0.0,0
0.14083038526458808,0.16682445791832018,1971.0,40050.0,-3.3494375535262237e-06,-6.933894019339462e-05,0.0,39321.0,-5.3310992378267685e-05,0.0,0
0.1408302104555399,0.16682445791832018,1972.0,40050.0,-3.5242466017340816e-06,-6.933894019336776e-05,0.0,39321.0,-5.3310992378267685e-05,0.0,0
0.14083003738587074,0.16682445791832018,1973.0,40050.0,-3.697316270840471e-06,-6.933894019341275e-05,0.0,39321.0,-5.3310992378267685e-05,0.0,0
0.1408298660382736,0.16682445791832018,1974.0,40050.0,-3.868663867978969e-06,-6.933894019339947e-05,0.0,39321.0,-5.3310992378267685e-05,0.0,0
0.14082969639561357,0.16682445791832018,1975.0,40050.0,-4.038306528033035e-06,-6.93389401933703e-05,0.0,39321.0,-5.3310992378267685e-05,0.0,0
0.14082952844092617,0.16682445791832018,1976.0,40050.0,-4.20626121542125e-06,-6.933894019340895e-05,0.0,39321.0,-5.3310992378267685e-05,0.0,0
0.14082936215741584,0.16682445791832018,1977.0,40050.0,-4.372544725745791e-06,-6.933894019339751e-05,0.0,39321.0,-5.3310992378267685e-05,0.0,0
0.14082919752845408,0.16682445791832018,1978.0,40050.0,-4.537173687500286e-06,-6.933894019340732e-05,0.0,39321.0,-5.3310992378267685e-05,0.0,0
0.14082903453757786,0.16682445791832018,1979.0,40050.0,-4.70016456371201e-06,-6.933894019340652e-05,0.0,39321.0,-5.3310992378267685e-05,0.0,0
0.140828873168488,0.16682445791832018,1980.0,40050.0,-4.8615336536059826e-06,-6.933894019337959e-05,0.0,39321.0,-5.3310992378267685e-05,0.0,0
0.14082871340504735,0.16682445791832018,1981.0,40050.0,-5.021297094227299e-06,-6.933894019341575e-05,0.0,39321.0,-5.3310992378267685e-05,0.0,0
0.14082855523127955,0.16682445791832018,1982.0,40050.0,-5.17947086205923e-06,-6.933894019338076e-05,0.0,39321.0,-5.3310992378267685e-05,0.0,0
0.14082839863136698,0.16682445791832018,1983.0,40050.0,-5.33607077460576e-06,-6.933894019339774e-05,0.0,39321.0,-5.3310992378267685e-05,0.0,0
0.14082824358964963,0.16682445791832018,1984.0,40050.0,-5.491112491980996e-06,-6.933894019336822e-05,0.0,39321.0,-5.3310992378267685e-05,0.0,0
0.14082809009062305,0.16682445791832018,1985.0,40050.0,-5.644611518494198e-06,-6.933894019344932e-05,0.0,39321.0,-5.3310992378267685e-05,0.0,0
0.14082793811893743,0.16682445791832018,1986.0,40050.0,-5.796583204181647e-06,-6.93389401933529e-05,0.0,39321.0,-5.3310992378267685e-05,0.0,0
0.14082778765939527,0.16682445791832018,1987.0,40050.0,-5.947042746322455e-06,-6.93389401933949e-05,0.0,39321.0,-5.3310992378267685e-05,0.0,0
0.14082763869695059,0.16682445791832018,1988.0,40050.0,-6.096005191003348e-06,-6.933894019341044e-05,0.0,39321.0,-5.3310992378267685e-05,0.0,0
0.14082749121670698,0.16682445791832018,1989.0,40050.0,-6.243485434600891e-06,-6.933894019340369e-05,0.0,39321.0,-5.3310992378267685e-05,0.0,0
0.14082734520391632,0.16682445791832018,1990.0,40050.0,-6.389498225256946e-06,-6.933894019341206e-05,0.0,39321.0,-5.3310992378267685e-05,0.0,0
0.14082720064397725,0.16682445791832018,1991.0,40050.0,-6.534058164367741e-06,-6.933894019337244e-05,0.0,39321.0,-5.3310992378267685e-05,0.0,0
0.14082705752243355,0.16682445791832018,1992.0,40050.0,-6.677179708043892e-06,-6.933894019338589e-05,0.0,39321.0,-5.3310992378267685e-05,0.0,0
0.14082691582497303,0.16682445791832018,1993.0,40050.0,-6.818877168576555e-06,-6.933894019337065e-05,0.0,39321.0,-5.3310992378267685e-05,0.0,0
0.1408267755374258,0.16682445791832018,1994.0,40050.0,-6.959164715815485e-06,-6.933894019334766e-05,0.0,39321.0,-5.3310992378267685e-05,0.0,0
0.14082663664576298,0.16682445791832018,1995.0,40050.0,-7.0980563786354016e-06,-6.933894019337208e-05,0.0,39321.0,-5.3310992378267685e-05,0.0,0
0.14082649913609527,0.16682445791832018,1996.0,40050.0,-7.235566046321308e-06,-6.933894019339444e-05,0.0,39321.0,-5.3310992378267685e-05,0.0,0
0.14082636299467163,0.16682445791832018,1997.0,40050.0,-7.371707469959224e-06,-6.933894019340323e-05,0.0,39321.0,-5.3310992378267685e-05,0.0,0
0.14082622820787782,0.16682445791832018,1998.0,40050.0,-7.506494263787541e-06,-6.933894019337019e-05,0.0,39321.0,-5.3310992378267685e-05,0.0,0
0.140826094762235,0.16682445791832018,1999.0,40050.0,-7.639939906615946e-06,-6.933894019335372e-05,0.0,39321.0,-5.3310992378267685e-05,0.0,0
0.14082596264439848,0.16682445791832018,2000.0,40050.0,-7.772057743104665e-06,-6.933894019339866e-05,0.0,39321.0,-5.3310992378267685e-05,0.0,0
0.1408258318411564,0.16682445791832018,2001.0,40050.0,-7.902860985161306e-06,-6.933894019341668e-05,0.0,39321.0,-5.3310992378267685e-05,0.0,0
0.14082570233942837,0.16682445791832018,2002.0,40050.0,-8.032362713213655e-06,-6.933894019338641e-05,0.0,39321.0,-5.3310992378267685e-05,0.0,0
0.14082557412626406,0.16682445791832018,2003.0,40050.0,-8.160575877541623e-06,-6.933894019337474e-05,0.0,39321.0,-5.3310992378267685e-05,0.0,0
0.14082544718884202,0.16682445791832018,2004.0,40050.0,-8.287513299578393e-06,-6.933894019338549e-05,0.0,39321.0,-5.3310992378267685e-05,0.0,0
0.14082532151446847,0.16682445791832018,2005.0,40050.0,-8.413187673148944e-06,-6.933894019336897e-05,0.0,39321.0,-5.3310992378267685e-05,0.0,0
0.14082532151446847,0.16682445791832018,2005.0,40050.0,-8.413187673148944e-06,-6.933894019336897e-05,0.0,39321.0,-5.3310992378267685e-05,0.0,0
