Total_strain,Slip_strain,Time,Slip Count,Creep,Elastic,Hygroexp,Number_of_fibers,Load,Moisture,Broken
0.0,0.0,0.0,0.0,0.0,0.0,0.0,40000.0,0.0,0.0,0
0.0,0.0,5.0,0.0,0.0,0.0,0.0,40000.0,0.0,0.0,0
1.2932291899945272,0.06970457299026012,5.0,4662.0,0.0,1.224143075818171,0.0,39967.0,0.9408716598312479,0.0,0
1.2932291899945272,0.06970457299026012,5.0,4662.0,0.0,1.224143075818171,0.0,39967.0,0.9408716598312479,0.0,0
1.375484916059924,0.08355000310127807,6.0,5261.0,0.06841590927463716,1.2242043365751254,0.0,39965.0,0.9408716598312479,0.0,0
1.4028521266917056,0.08861420638311225,7.0,5482.0,0.09073124164769382,1.2242962392078687,0.0,39962.0,0.9408716598312479,0.0,0
1.4207892315799808,0.09247018643378728,8.0,5650.0,0.10481699604092533,1.2243268764851951,0.0,39961.0,0.9408716598312479,0.0,0
1.4341217994167468,0.09520218259604654,9.0,5761.0,0.11542277707660448,1.2243575152959176,0.0,39960.0,0.9408716598312479,0.0,0
1.4449662688029,0.09713594707720102,10.0,5844.0,0.12433348198160309,1.2243575152959172,0.0,39960.0,0.9408716598312479,0.0,0
1.4546341128567992,0.0988896828368488,11.0,5920.0,0.1322475902758546,1.2243575152959179,0.0,39960.0,0.9408716598312479,0.0,0
1.4638521987350779,0.10090480763154784,12.0,5993.0,0.13946251510199056,1.224418797518016,0.0,39958.0,0.9408716598312479,0.0,0
1.4723652377804775,0.10277956079996126,13.0,6070.0,0.1461068599396544,1.2244494409296207,0.0,39957.0,0.9408716598312479,0.0,0
1.4796645559425952,0.10392928866964195,14.0,6124.0,0.15226284386970051,1.224480085875085,0.0,39956.0,0.9408716598312479,0.0,0
1.4865960388483712,0.10514225306104107,15.0,6177.0,0.15798136238407737,1.2244800858750842,0.0,39956.0,0.9408716598312479,0.0,0
1.4931148229194746,0.10633579254835732,16.0,6224.0,0.16331321164546087,1.2245107323545203,0.0,39955.0,0.9408716598312479,0.0,0
1.4992989755562356,0.10754550921118909,17.0,6276.0,0.1682876476193899,1.224510732354521,0.0,39955.0,0.9408716598312479,0.0,0
1.505083996151314,0.10867991169843828,18.0,6326.0,0.17294519730294244,1.2245413803680452,0.0,39954.0,0.9408716598312479,0.0,0
1.5107655524152013,0.10999976670927246,19.0,6374.0,0.17730689855599568,1.2245413803680443,0.0,39954.0,0.9408716598312479,0.0,0
1.515944060012506,0.11108501047120971,20.0,6420.0,0.18140746468320867,1.2245720299157725,0.0,39953.0,0.9408716598312479,0.0,0
1.520824858683059,0.11211119384319697,21.0,6459.0,0.18526207998177444,1.2245720299157723,0.0,39953.0,0.9408716598312479,0.0,0
1.525020166777617,0.11267209420627401,22.0,6485.0,0.18889648771325532,1.2245720299157734,0.0,39953.0,0.9408716598312479,0.0,0
1.5292604882217167,0.11347868288697065,23.0,6522.0,0.19233022047665815,1.2245720299157732,0.0,39953.0,0.9408716598312479,0.0,0
1.5331922863527638,0.11416269599457801,24.0,6552.0,0.19558567290722573,1.2246026809978194,0.0,39952.0,0.9408716598312479,0.0,0
1.5373771377224075,0.115263721520098,25.0,6585.0,0.1986694987513492,1.2246026809978185,0.0,39952.0,0.9408716598312479,0.0,0
1.5410876365273245,0.11604299427540167,26.0,6616.0,0.2016007248009623,1.2246026809978192,0.0,39952.0,0.9408716598312479,0.0,0
1.5445303922007625,0.11669396972618658,27.0,6641.0,0.2043925050236155,1.2246026809978192,0.0,39952.0,0.9408716598312479,0.0,0
1.5479296667825362,0.11742902397759113,28.0,6666.0,0.2070567253539849,1.224602680997819,0.0,39952.0,0.9408716598312479,0.0,0
1.5511082226656674,0.11806015329700607,29.0,6691.0,0.20960415191770113,1.2246026809978192,0.0,39952.0,0.9408716598312479,0.0,0
1.5538764912769651,0.11839111342126014,30.0,6709.0,0.2120496781031414,1.2246333336142987,0.0,39951.0,0.9408716598312479,0.0,0
1.556825043990059,0.11899735644386714,31.0,6736.0,0.21439198779362836,1.2246333336142994,0.0,39951.0,0.9408716598312479,0.0,0
1.5599012883185348,0.11982152862049236,32.0,6771.0,0.21664405994547875,1.224633333614299,0.0,39951.0,0.9408716598312479,0.0,0
1.5627649233240475,0.12051919403302454,33.0,6797.0,0.21881850204279898,1.2246639877653285,0.0,39950.0,0.9408716598312479,0.0,0
1.565550188990756,0.12121155607762608,34.0,6826.0,0.22091140566490564,1.224663987765329,0.0,39950.0,0.9408716598312479,0.0,0
1.568064516574077,0.12170340212755236,35.0,6846.0,0.2229338871983008,1.2246639877653285,0.0,39950.0,0.9408716598312479,0.0,0
1.5703161345194954,0.12199750649428721,36.0,6858.0,0.22489140077698416,1.2246639877653287,0.0,39950.0,0.9408716598312479,0.0,0
1.5728514847694788,0.12263861107367297,37.0,6881.0,0.22679435787200805,1.224694643451021,0.0,39949.0,0.9408716598312479,0.0,0
1.575243300434814,0.12318844269446062,38.0,6900.0,0.22863634191655552,1.224694643451021,0.0,39949.0,0.9408716598312479,0.0,0
1.5774066783336744,0.12356142721290696,39.0,6917.0,0.23042673529696964,1.224694643451021,0.0,39949.0,0.9408716598312479,0.0,0
1.580139952174282,0.12455218582684943,40.0,6953.0,0.2321692505236346,1.224694643451022,0.0,39949.0,0.9408716598312479,0.0,0
1.5823385142969772,0.1250527695935046,41.0,6973.0,0.23386722887967468,1.224694643451022,0.0,39949.0,0.9408716598312479,0.0,0
1.5847186702065394,0.12577645112260177,42.0,6996.0,0.2355237032601395,1.2246946434510213,0.0,39949.0,0.9408716598312479,0.0,0
1.5871618326607992,0.1266018878252306,43.0,7024.0,0.23714142901177085,1.2246946434510213,0.0,39949.0,0.9408716598312479,0.0,0
1.58917004292941,0.1270286162867143,44.0,7039.0,0.2387229108188976,1.2246946434510217,0.0,39949.0,0.9408716598312479,0.0,0
1.5910946989496983,0.12740575646886276,45.0,7049.0,0.2402704266570376,1.2246946434510222,0.0,39949.0,0.9408716598312479,0.0,0
1.5930792194171852,0.1278746542631361,46.0,7067.0,0.2417860493302511,1.224694643451022,0.0,39949.0,0.9408716598312479,0.0,0
1.5949121279954863,0.1282219462623209,47.0,7079.0,0.2432716659093673,1.224694643451022,0.0,39949.0,0.9408716598312479,0.0,0
1.5967937427292056,0.12864623160250482,48.0,7092.0,0.24472899530290287,1.2246946434510217,0.0,39949.0,0.9408716598312479,0.0,0
1.598723320830396,0.12914520085643513,49.0,7107.0,0.24615960415016264,1.2246946434510213,0.0,39949.0,0.9408716598312479,0.0,0
1.6003031705212514,0.12931973349693726,50.0,7113.0,0.2475649212005163,1.224694643451021,0.0,39949.0,0.9408716598312479,0.0,0
1.6019857868018144,0.12962102065352127,51.0,7124.0,0.2489462503244953,1.2246946434510217,0.0,39949.0,0.9408716598312479,0.0,0
1.6037419409505473,0.13002206996226304,52.0,7138.0,0.25031084400466674,1.224725300671495,0.0,39948.0,0.9408716598312479,0.0,0
1.605309465799334,0.1302526716818133,53.0,7149.0,0.25164776713390347,1.2247253006714944,0.0,39948.0,0.9408716598312479,0.0,0
1.6069922610075167,0.13061930505393496,54.0,7162.0,0.25296392896996456,1.2247253006714949,0.0,39948.0,0.9408716598312479,0.0,0
1.6085399590825544,0.13087411204490362,55.0,7176.0,0.25426643621104017,1.2247559594268622,0.0,39947.0,0.9408716598312479,0.0,0
1.6099138235661825,0.13097049722334958,56.0,7180.0,0.2555439155162225,1.2247559594268622,0.0,39947.0,0.9408716598312479,0.0,0
1.6117010195416344,0.13149846423478115,57.0,7199.0,0.2568031444802427,1.2247559594268618,0.0,39947.0,0.9408716598312479,0.0,0
1.6131142533516245,0.13166997590597376,58.0,7208.0,0.25804486661904025,1.224755959426862,0.0,39947.0,0.9408716598312479,0.0,0
1.6147338924051347,0.1320647476047725,59.0,7225.0,0.25926973397375175,1.2247559594268624,0.0,39947.0,0.9408716598312479,0.0,0
1.6162543395430338,0.13238010670753056,60.0,7237.0,0.26048465560307105,1.2247866197172397,0.0,39946.0,0.9408716598312479,0.0,0
1.6179360884001994,0.13286885748844363,61.0,7254.0,0.2616776536793237,1.2247866197172401,0.0,39946.0,0.9408716598312479,0.0,0
1.6192600132508728,0.13301503232660775,62.0,7263.0,0.2628554036918331,1.2247866197172395,0.0,39946.0,0.9408716598312479,0.0,0
1.6206327724180953,0.13322478248919448,63.0,7270.0,0.26401841269646886,1.22478661971724,0.0,39946.0,0.9408716598312479,0.0,0
1.622354858982114,0.13379816280405574,64.0,7290.0,0.26516711894562606,1.2247866197172408,0.0,39946.0,0.9408716598312479,0.0,0
1.6237236456794397,0.13403214237728928,65.0,7298.0,0.2663019260697182,1.2247866197172397,0.0,39946.0,0.9408716598312479,0.0,0
1.6251324809523513,0.13432325224395444,66.0,7309.0,0.2674296830450469,1.2248172815427432,0.0,39945.0,0.9408716598312479,0.0,0
1.6267537436024628,0.13483631581687341,67.0,7325.0,0.2685378821222391,1.224817281542743,0.0,39945.0,0.9408716598312479,0.0,0
1.6284482136318408,0.13543548929145421,68.0,7347.0,0.2696331786770363,1.2248172815427436,0.0,39945.0,0.9408716598312479,0.0,0
1.629887140915347,0.13579168112337367,69.0,7360.0,0.2707159141286231,1.224817281542743,0.0,39945.0,0.9408716598312479,0.0,0
1.6315351735498602,0.13636925215523632,70.0,7387.0,0.2717863757312736,1.224817281542743,0.0,39945.0,0.9408716598312479,0.0,0
1.632975653555258,0.1367512780072708,71.0,7400.0,0.2728448298846367,1.2248172815427434,0.0,39945.0,0.9408716598312479,0.0,0
1.634497946292549,0.13722687496026442,72.0,7418.0,0.2738915256689346,1.2248172815427434,0.0,39945.0,0.9408716598312479,0.0,0
1.6357677666192227,0.1374651665591604,73.0,7429.0,0.2749333547006088,1.2248479449034866,0.0,39944.0,0.9408716598312479,0.0,0
1.637053485804419,0.13772692506043113,74.0,7438.0,0.27595731538453433,1.2248479449034861,0.0,39944.0,0.9408716598312479,0.0,0
1.6383581953324997,0.13801881822386852,75.0,7451.0,0.2769701317491779,1.2248479449034866,0.0,39944.0,0.9408716598312479,0.0,0
1.6396284408418262,0.13828715517391937,76.0,7460.0,0.27797204030845357,1.2248479449034868,0.0,39944.0,0.9408716598312479,0.0,0
1.6407246903005446,0.138392212297679,77.0,7465.0,0.2789632326434117,1.2248479449034873,0.0,39944.0,0.9408716598312479,0.0,0
1.6419909316319745,0.13867779830757557,78.0,7479.0,0.2799438879649457,1.2248479449034866,0.0,39944.0,0.9408716598312479,0.0,0
1.6433384032829499,0.13905498207161485,79.0,7490.0,0.28091417585188166,1.224847944903487,0.0,39944.0,0.9408716598312479,0.0,0
1.6445392066115687,0.13929570356308477,80.0,7501.0,0.2818742576890304,1.2248479449034868,0.0,39944.0,0.9408716598312479,0.0,0
1.645899261915676,0.1397057289693178,81.0,7512.0,0.28282428758690487,1.224847944903487,0.0,39944.0,0.9408716598312479,0.0,0
1.6472246954677634,0.14009103703421777,82.0,7524.0,0.2837644130740922,1.2248479449034868,0.0,39944.0,0.9408716598312479,0.0,0
1.6483375587087432,0.1402735376764779,83.0,7531.0,0.28469477567281193,1.2248479449034868,0.0,39944.0,0.9408716598312479,0.0,0
1.6495327757965434,0.14054801903561828,84.0,7540.0,0.2856155114014717,1.2248479449034868,0.0,39944.0,0.9408716598312479,0.0,0
1.650746936094922,0.14085093951227443,85.0,7550.0,0.2865267512231942,1.2248479449034864,0.0,39944.0,0.9408716598312479,0.0,0
1.6518101968640755,0.1410123300547474,86.0,7557.0,0.2874286214498747,1.2248479449034866,0.0,39944.0,0.9408716598312479,0.0,0
1.6528697491232198,0.14117925965614686,87.0,7564.0,0.28832124410761933,1.2248479449034866,0.0,39944.0,0.9408716598312479,0.0,0
1.6539707937936992,0.14139681116641192,88.0,7573.0,0.28920473726783374,1.2248479449034866,0.0,39944.0,0.9408716598312479,0.0,0
1.6553858929527105,0.1419374322458155,89.0,7590.0,0.29007921534744163,1.2248479449034868,0.0,39944.0,0.9408716598312479,0.0,0
1.6566025729632472,0.1422885382225497,90.0,7604.0,0.2909447893812442,1.224847944903487,0.0,39944.0,0.9408716598312479,0.0,0
1.6576609726061993,0.14249015997765085,91.0,7611.0,0.29180156726909484,1.2248479449034873,0.0,39944.0,0.9408716598312479,0.0,0
1.6587891077681014,0.1427702084083586,92.0,7624.0,0.29264965400028936,1.2248479449034866,0.0,39944.0,0.9408716598312479,0.0,0
1.6601034516811901,0.14324505446440278,93.0,7639.0,0.2934891518573339,1.2248479449034864,0.0,39944.0,0.9408716598312479,0.0,0
1.6612027392319704,0.14351333327146368,94.0,7649.0,0.2943201606010533,1.2248479449034866,0.0,39944.0,0.9408716598312479,0.0,0
1.662136155193266,0.14362413219501238,95.0,7655.0,0.29514277763880004,1.2248479449034866,0.0,39944.0,0.9408716598312479,0.0,0
1.6630626994542113,0.14373635591738354,96.0,7660.0,0.2959570981773742,1.224847944903487,0.0,39944.0,0.9408716598312479,0.0,0
1.6641887461719729,0.14406012435239055,97.0,7672.0,0.29677039960325746,1.224878609799586,0.0,39943.0,0.9408716598312479,0.0,0
1.6651933402929013,0.14426662492169945,98.0,7678.0,0.2975684931548772,1.224878609799586,0.0,39943.0,0.9408716598312479,0.0,0
1.6660377083052362,0.14432097040415018,99.0,7680.0,0.29835851568476124,1.2248786097995858,0.0,39943.0,0.9408716598312479,0.0,0
1.6669449608846298,0.14444614414059515,100.0,7683.0,0.29914059452770986,1.2248786097995865,0.0,39943.0,0.9408716598312479,0.0,0
1.6680648209307276,0.1447917780437428,101.0,7695.0,0.29991482067066016,1.224878609799586,0.0,39943.0,0.9408716598312479,0.0,0
1.6691940707978894,0.14515456809215985,102.0,7709.0,0.30068128048940496,1.224878609799586,0.0,39943.0,0.9408716598312479,0.0,0
1.6700099186070796,0.1452116386193119,103.0,7714.0,0.3014400577714432,1.224878609799586,0.0,39943.0,0.9408716598312479,0.0,0
1.6710843180074508,0.14553486128771367,104.0,7725.0,0.3021912345034121,1.2248786097995865,0.0,39943.0,0.9408716598312479,0.0,0
1.672047769278359,0.1457585542740276,105.0,7733.0,0.3029422240884439,1.224909276231157,0.0,39942.0,0.9408716598312479,0.0,0
1.6731762509403225,0.146150733235078,106.0,7745.0,0.3036785267893569,1.224909276231157,0.0,39942.0,0.9408716598312479,0.0,0
1.673923355796444,0.1461689462960868,107.0,7747.0,0.3044074185844693,1.224909276231157,0.0,39942.0,0.9408716598312479,0.0,0
1.6749454736619085,0.14646946696008506,108.0,7757.0,0.30512901578593565,1.2249092762311573,0.0,39942.0,0.9408716598312479,0.0,0
1.6757477440922974,0.1465612691956695,109.0,7761.0,0.30585080087285604,1.224939944198314,0.0,39941.0,0.9408716598312479,0.0,0
1.6765874070720341,0.14669359963706025,110.0,7766.0,0.3065581334112022,1.224939944198314,0.0,39941.0,0.9408716598312479,0.0,0
1.6773933032726647,0.1467992748840788,111.0,7771.0,0.3072583543648141,1.2249399441983144,0.0,39941.0,0.9408716598312479,0.0,0
1.6783320568320244,0.14704480630173997,112.0,7779.0,0.3079515765065126,1.2249399441983138,0.0,39941.0,0.9408716598312479,0.0,0
1.6790936589780883,0.14712010832745015,113.0,7784.0,0.3086378766268662,1.2249399441983142,0.0,39941.0,0.9408716598312479,0.0,0
1.6800089400565135,0.14735593858706134,114.0,7791.0,0.3093173274456805,1.2249399441983142,0.0,39941.0,0.9408716598312479,0.0,0
1.6809316309527258,0.14760595730133635,115.0,7803.0,0.30998999962761764,1.2249399441983144,0.0,39941.0,0.9408716598312479,0.0,0
1.6818875499703811,0.14789591340680136,116.0,7812.0,0.31065596253980793,1.2249399441983146,0.0,39941.0,0.9408716598312479,0.0,0
1.6825959603502363,0.14794500178056724,117.0,7814.0,0.3113152845458973,1.2249399441983146,0.0,39941.0,0.9408716598312479,0.0,0
1.683375924408402,0.14807221725617306,118.0,7822.0,0.31196803312845706,1.2249399441983146,0.0,39941.0,0.9408716598312479,0.0,0
1.6841487555135428,0.14819880654251436,119.0,7827.0,0.3126142749472568,1.2249399441983135,0.0,39941.0,0.9408716598312479,0.0,0
1.685131590914779,0.1485418410179724,120.0,7838.0,0.31325407587303483,1.2249399441983142,0.0,39941.0,0.9408716598312479,0.0,0
1.6858823729941954,0.14865919795899588,121.0,7842.0,0.31388750101142776,1.2249399441983142,0.0,39941.0,0.9408716598312479,0.0,0
1.6867113410855505,0.1488610523392437,122.0,7848.0,0.31451461472253517,1.224939944198314,0.0,39941.0,0.9408716598312479,0.0,0
1.6874418019687827,0.14897064730681805,123.0,7855.0,0.3151354806381932,1.2249399441983144,0.0,39941.0,0.9408716598312479,0.0,0
1.688379580522155,0.14929374482059465,124.0,7866.0,0.31575016167778863,1.224939944198314,0.0,39941.0,0.9408716598312479,0.0,0
1.6893944357274204,0.1497000416406795,125.0,7877.0,0.31635872006296895,1.2249399441983149,0.0,39941.0,0.9408716598312479,0.0,0
1.6901144402032167,0.14981754884801085,126.0,7883.0,0.31696121733143423,1.2249399441983142,0.0,39941.0,0.9408716598312479,0.0,0
1.6907871631467948,0.14989377477310026,127.0,7887.0,0.3175577143499226,1.2249399441983149,0.0,39941.0,0.9408716598312479,0.0,0
1.6914693575820512,0.14998541223180867,128.0,7891.0,0.3181482713264709,1.2249399441983142,0.0,39941.0,0.9408716598312479,0.0,0
1.692322773608035,0.15025415176224233,129.0,7900.0,0.31873294782202116,1.2249399441983144,0.0,39941.0,0.9408716598312479,0.0,0
1.693028760937976,0.15038128415277568,130.0,7903.0,0.31931180276142845,1.2249399441983144,0.0,39941.0,0.9408716598312479,0.0,0
1.6937784695798506,0.15055790111215395,131.0,7908.0,0.319884894443925,1.2249399441983138,0.0,39941.0,0.9408716598312479,0.0,0
1.6946315627671864,0.1508436081903291,132.0,7917.0,0.32045228055308533,1.2249399441983149,0.0,39941.0,0.9408716598312479,0.0,0
1.6953853428473102,0.1510356506571999,133.0,7923.0,0.3210140181663387,1.224939944198314,0.0,39941.0,0.9408716598312479,0.0,0
1.695983938529957,0.1510781007421239,134.0,7924.0,0.3215701637640615,1.2249399441983144,0.0,39941.0,0.9408716598312479,0.0,0
1.6968945769116872,0.15143812964962466,135.0,7933.0,0.3221207732382907,1.2249399441983144,0.0,39941.0,0.9408716598312479,0.0,0
1.6975075255497047,0.15151000285046384,136.0,7938.0,0.3226737093772371,1.2249706137011738,0.0,39940.0,0.9408716598312479,0.0,0
1.6983259017317491,0.15178859283247645,137.0,7948.0,0.32321349557726925,1.2249706137011733,0.0,39940.0,0.9408716598312479,0.0,0
1.6990858302278302,0.15201415588416162,138.0,7954.0,0.32374786102166503,1.2249706137011735,0.0,39940.0,0.9408716598312479,0.0,0
1.6998524821120453,0.15225176930191897,139.0,7961.0,0.3242768994881229,1.2249706137011733,0.0,39940.0,0.9408716598312479,0.0,0
1.7005131992543663,0.1523887168869549,140.0,7965.0,0.3248006690454076,1.2249706137011738,0.0,39940.0,0.9408716598312479,0.0,0
1.7011494863017453,0.15250644888022816,141.0,7971.0,0.32531922409951325,1.224970613701173,0.0,39940.0,0.9408716598312479,0.0,0
1.702016619970888,0.15286018927937262,142.0,7980.0,0.3258326173695116,1.2249706137011733,0.0,39940.0,0.9408716598312479,0.0,0
1.7025655858393614,0.15290087189893808,143.0,7982.0,0.3263409006184197,1.2249706137011729,0.0,39940.0,0.9408716598312479,0.0,0
1.7033023406117231,0.15313440236335313,144.0,7988.0,0.3268441249263666,1.224970613701173,0.0,39940.0,0.9408716598312479,0.0,0
1.703887652584436,0.15322149846718525,145.0,7991.0,0.32734234079524716,1.2249706137011733,0.0,39940.0,0.9408716598312479,0.0,0
1.7044772610037107,0.15331784949044788,146.0,7995.0,0.3278355981912591,1.2249706137011738,0.0,39940.0,0.9408716598312479,0.0,0
1.7050315235012214,0.1533837636147425,147.0,8000.0,0.32832394656447533,1.2249706137011735,0.0,39940.0,0.9408716598312479,0.0,0
1.705778598961944,0.1536473507800824,148.0,8009.0,0.3288074348598579,1.2249706137011735,0.0,39940.0,0.9408716598312479,0.0,0
1.706349677220654,0.15373975237361975,149.0,8014.0,0.3292861115250305,1.224970613701174,0.0,39940.0,0.9408716598312479,0.0,0
1.7069192271697362,0.15383538933097307,150.0,8019.0,0.32976002451675956,1.2249706137011729,0.0,39940.0,0.9408716598312479,0.0,0
1.707504424512085,0.15395138988320176,151.0,8024.0,0.3302292213068797,1.2249706137011729,0.0,39940.0,0.9408716598312479,0.0,0
1.708344424217649,0.15432686200771448,152.0,8034.0,0.33069374888793096,1.224970613701173,0.0,39940.0,0.9408716598312479,0.0,0
1.7092534483697555,0.15477598126913655,153.0,8053.0,0.3311536537786154,1.224970613701173,0.0,39940.0,0.9408716598312479,0.0,0
1.7097220102726491,0.15478921492152758,154.0,8056.0,0.33160898202911804,1.2249706137011733,0.0,39940.0,0.9408716598312479,0.0,0
1.710321679291062,0.1549380867427492,155.0,8060.0,0.3320597792263094,1.2249706137011729,0.0,39940.0,0.9408716598312479,0.0,0
1.7108108144337075,0.1549809106128607,156.0,8061.0,0.3325060904988432,1.2249706137011733,0.0,39940.0,0.9408716598312479,0.0,0
1.7113983458525444,0.15512657200838523,157.0,8069.0,0.3329479605221556,1.2249706137011733,0.0,39940.0,0.9408716598312479,0.0,0
1.7119643933294875,0.15525514648411098,158.0,8072.0,0.33338543352337296,1.2249706137011733,0.0,39940.0,0.9408716598312479,0.0,0
1.7124883917421712,0.15534602513403492,159.0,8076.0,0.33381855328613264,1.2249706137011738,0.0,39940.0,0.9408716598312479,0.0,0
1.713125841960603,0.15555466548327887,160.0,8084.0,0.33424736315532066,1.2249706137011733,0.0,39940.0,0.9408716598312479,0.0,0
1.7137368064365224,0.1557410870727856,161.0,8090.0,0.33467190604173314,1.224970613701174,0.0,39940.0,0.9408716598312479,0.0,0
1.714460664660254,0.15604462691158888,162.0,8102.0,0.3350922244266614,1.2249706137011733,0.0,39940.0,0.9408716598312479,0.0,0
1.71494022684664,0.1561080531582289,163.0,8104.0,0.3355083603664076,1.2249706137011733,0.0,39940.0,0.9408716598312479,0.0,0
1.7155071305493916,0.15626296173065743,164.0,8109.0,0.33592035549673044,1.2249706137011738,0.0,39940.0,0.9408716598312479,0.0,0
1.7160238281939664,0.15637176383473378,165.0,8113.0,0.33632825103722913,1.2249706137011738,0.0,39940.0,0.9408716598312479,0.0,0
1.7166039868930587,0.156548085775395,166.0,8121.0,0.3367320877956601,1.2249706137011735,0.0,39940.0,0.9408716598312479,0.0,0
1.7171458133565838,0.15669009386238075,167.0,8125.0,0.3371319061721997,1.224970613701173,0.0,39940.0,0.9408716598312479,0.0,0
1.7175547050498512,0.15670314556420364,168.0,8126.0,0.33752774616364395,1.2249706137011735,0.0,39940.0,0.9408716598312479,0.0,0
1.7179876614528047,0.15674420076324583,169.0,8128.0,0.3379196473675552,1.2249706137011733,0.0,39940.0,0.9408716598312479,0.0,0
1.7185027796334835,0.15687131732512488,170.0,8132.0,0.33830764898635496,1.2249706137011735,0.0,39940.0,0.9408716598312479,0.0,0
1.7189399950378725,0.15692439188450577,171.0,8136.0,0.33869178983136317,1.2249706137011733,0.0,39940.0,0.9408716598312479,0.0,0
1.7194546091967764,0.15705868754798538,172.0,8141.0,0.3390721083267875,1.224970613701173,0.0,39940.0,0.9408716598312479,0.0,0
1.7198311433836546,0.15705868754798538,173.0,8141.0,0.33944864251366563,1.224970613701173,0.0,39940.0,0.9408716598312479,0.0,0
1.7203331398882262,0.15718789651246595,174.0,8144.0,0.3398214300537564,1.2249706137011733,0.0,39940.0,0.9408716598312479,0.0,0
1.7208877184000948,0.15737339684470378,175.0,8150.0,0.3401905082333873,1.2249706137011735,0.0,39940.0,0.9408716598312479,0.0,0
1.7213206160838583,0.15744088879459925,176.0,8153.0,0.3405559139672552,1.2249706137011733,0.0,39940.0,0.9408716598312479,0.0,0
1.7217685888824708,0.15752709175828233,177.0,8155.0,0.3409176838021846,1.2249706137011738,0.0,39940.0,0.9408716598312479,0.0,0
1.7222368069837295,0.1576371397408857,178.0,8159.0,0.3412758539208402,1.2249706137011733,0.0,39940.0,0.9408716598312479,0.0,0
1.722634538922528,0.15768026545512337,179.0,8160.0,0.3416304601454011,1.224970613701173,0.0,39940.0,0.9408716598312479,0.0,0
1.7230539502451243,0.15774859898193042,180.0,8163.0,0.3419815379411904,1.2249706137011729,0.0,39940.0,0.9408716598312479,0.0,0
1.7235492434544901,0.15789630771222093,181.0,8169.0,0.34232912242026564,1.2249706137011729,0.0,39940.0,0.9408716598312479,0.0,0
1.723981501325954,0.1579844396589789,182.0,8172.0,0.34267324834497154,1.2249706137011733,0.0,39940.0,0.9408716598312479,0.0,0
1.72442165089672,0.15808388744326582,183.0,8175.0,0.3430139501314504,1.2249706137011735,0.0,39940.0,0.9408716598312479,0.0,0
1.7251568921187421,0.15848181694362104,184.0,8187.0,0.3433512618531173,1.2249706137011735,0.0,39940.0,0.9408716598312479,0.0,0
1.725577246827072,0.15856821626097065,185.0,8189.0,0.3436852172440978,1.224970613701173,0.0,39940.0,0.9408716598312479,0.0,0
1.725986760539921,0.1586470975152911,186.0,8193.0,0.34401584970262655,1.2249706137011729,0.0,39940.0,0.9408716598312479,0.0,0
1.7264109995711652,0.1587439939547493,187.0,8198.0,0.3443431922944125,1.2249706137011733,0.0,39940.0,0.9408716598312479,0.0,0
1.7268680236087055,0.15887693253073518,188.0,8202.0,0.3446672777559667,1.2249706137011729,0.0,39940.0,0.9408716598312479,0.0,0
1.7273031500732587,0.15899119825335806,189.0,8206.0,0.34498813849789695,1.224970613701174,0.0,39940.0,0.9408716598312479,0.0,0
1.727622900212701,0.1589932802825328,190.0,8207.0,0.3453058066081646,1.2249706137011729,0.0,39940.0,0.9408716598312479,0.0,0
1.7279806648247698,0.15903653764745393,191.0,8208.0,0.34562031385531217,1.2249706137011735,0.0,39940.0,0.9408716598312479,0.0,0
1.728317322305339,0.1590618172916818,192.0,8210.0,0.3459316916916533,1.2249706137011733,0.0,39940.0,0.9408716598312479,0.0,0
1.7286256018701167,0.1590618172916818,193.0,8210.0,0.3462399712564313,1.2249706137011733,0.0,39940.0,0.9408716598312479,0.0,0
1.7289741016421294,0.15910510494117963,194.0,8211.0,0.3465451833789461,1.2249706137011733,0.0,39940.0,0.9408716598312479,0.0,0
1.7293473449312762,0.15917617302762568,195.0,8216.0,0.3468473585816471,1.2249706137011733,0.0,39940.0,0.9408716598312479,0.0,0
1.7297666309697137,0.15929629056451458,196.0,8221.0,0.3471465270831956,1.2249706137011729,0.0,39940.0,0.9408716598312479,0.0,0
1.730149453130064,0.15938292100656457,197.0,8223.0,0.347442718801496,1.2249706137011735,0.0,39940.0,0.9408716598312479,0.0,0
1.7304860200669976,0.15942624338829883,198.0,8224.0,0.3477359633566952,1.2249706137011733,0.0,39940.0,0.9408716598312479,0.0,0
1.7308532153355292,0.15950311193937394,199.0,8228.0,0.34802629007415165,1.2249706137011738,0.0,39940.0,0.9408716598312479,0.0,0
1.7311406532487528,0.15950311193937394,200.0,8228.0,0.34831372798737525,1.2249706137011735,0.0,39940.0,0.9408716598312479,0.0,0
1.7315119269575354,0.15958980779459556,201.0,8230.0,0.3485983058409365,1.224970613701173,0.0,39940.0,0.9408716598312479,0.0,0
1.7320105135620656,0.15980664814671627,202.0,8238.0,0.3488800520933458,1.2249706137011729,0.0,39940.0,0.9408716598312479,0.0,0
1.7322966282106207,0.15981381996871216,203.0,8239.0,0.3491589949199049,1.2249706137011733,0.0,39940.0,0.9408716598312479,0.0,0
1.732640734695684,0.15988175915815211,204.0,8242.0,0.3494351622155285,1.2249706137011733,0.0,39940.0,0.9408716598312479,0.0,0
1.7332592819264965,0.1602268870069548,205.0,8251.0,0.349708581597538,1.2249706137011733,0.0,39940.0,0.9408716598312479,0.0,0
1.7335545587094434,0.16025146497901324,206.0,8253.0,0.3499792804084265,1.2249706137011738,0.0,39940.0,0.9408716598312479,0.0,0
1.7339622078612544,0.16039110882065397,207.0,8257.0,0.35024728571859687,1.2249706137011735,0.0,39940.0,0.9408716598312479,0.0,0
1.734270966821357,0.1604345291702825,208.0,8258.0,0.35051262432907077,1.2249706137011733,0.0,39940.0,0.9408716598312479,0.0,0
1.7346412480331774,0.16054211193699983,209.0,8261.0,0.3507753227741738,1.2249706137011733,0.0,39940.0,0.9408716598312479,0.0,0
1.7350052465067898,0.1606460258605985,210.0,8265.0,0.35103540732418764,1.2249706137011735,0.0,39940.0,0.9408716598312479,0.0,0
1.7354308704216792,0.1608141531116925,211.0,8271.0,0.35129290398798324,1.2249706137011733,0.0,39940.0,0.9408716598312479,0.0,0
1.7358067529755814,0.16093510113795734,212.0,8276.0,0.35154783851562066,1.2249706137011735,0.0,39940.0,0.9408716598312479,0.0,0
1.7361914419730744,0.1610673922501432,213.0,8281.0,0.3518002364009277,1.2249706137011733,0.0,39940.0,0.9408716598312479,0.0,0
1.7364413284561973,0.1610673922501432,214.0,8281.0,0.35205012288405035,1.2249706137011738,0.0,39940.0,0.9408716598312479,0.0,0
1.7367756916119788,0.1611543553359969,215.0,8283.0,0.35229752295397815,1.2249706137011733,0.0,39940.0,0.9408716598312479,0.0,0
1.7371737327779233,0.1613074581048752,216.0,8288.0,0.3525424613510446,1.2249706137011733,0.0,39940.0,0.9408716598312479,0.0,0
1.737523628734457,0.16141485284305124,217.0,8292.0,0.35278496256940234,1.224970613701173,0.0,39940.0,0.9408716598312479,0.0,0
1.7377637170245286,0.16141485284305124,218.0,8292.0,0.35302505085947355,1.224970613701173,0.0,39940.0,0.9408716598312479,0.0,0
1.738145167089009,0.16155860353662801,219.0,8296.0,0.35326275023037745,1.2249706137011729,0.0,39940.0,0.9408716598312479,0.0,0
1.7384807563600435,0.16165885858571108,220.0,8299.0,0.3534980844523289,1.2249706137011733,0.0,39940.0,0.9408716598312479,0.0,0
1.738804086797355,0.16174919641633168,221.0,8302.0,0.35373107705901974,1.2249706137011733,0.0,39940.0,0.9408716598312479,0.0,0
1.7391330798878073,0.16184751521583315,222.0,8306.0,0.3539617513499706,1.2249706137011735,0.0,39940.0,0.9408716598312479,0.0,0
1.7393647316384195,0.1618507879235532,223.0,8307.0,0.3541901303928626,1.2249706137011735,0.0,39940.0,0.9408716598312479,0.0,0
1.7397552047065548,0.16201515435870667,224.0,8313.0,0.3544162370258447,1.2249706137011733,0.0,39940.0,0.9408716598312479,0.0,0
1.7399814743275983,0.1620175671457778,225.0,8314.0,0.3546400938598172,1.2249706137011727,0.0,39940.0,0.9408716598312479,0.0,0
1.7402674675738548,0.1620819309711566,226.0,8316.0,0.35486172328069465,1.2249706137011735,0.0,39940.0,0.9408716598312479,0.0,0
1.7405512624721453,0.16214630169849814,227.0,8318.0,0.3550811474516435,1.224970613701173,0.0,39940.0,0.9408716598312479,0.0,0
1.7408688982724365,0.16224669663513225,228.0,8321.0,0.3552983883153005,1.224970613701174,0.0,39940.0,0.9408716598312479,0.0,0
1.7413871446782876,0.16254986376031857,229.0,8329.0,0.35551346759596536,1.2249706137011738,0.0,39940.0,0.9408716598312479,0.0,0
1.7416436852737267,0.16259346514994796,230.0,8330.0,0.35572640680177525,1.2249706137011735,0.0,39940.0,0.9408716598312479,0.0,0
1.742008034200796,0.16274699365193762,231.0,8335.0,0.35593722722685495,1.2249706137011733,0.0,39940.0,0.9408716598312479,0.0,0
1.7424671207136646,0.16299735743821359,232.0,8343.0,0.3561459499534473,1.2249706137011733,0.0,39940.0,0.9408716598312479,0.0,0
1.7427173981617112,0.1630409889856873,233.0,8344.0,0.3563525958540203,1.224970613701173,0.0,39940.0,0.9408716598312479,0.0,0
1.7429219879010474,0.1630409889856873,234.0,8344.0,0.3565571855933565,1.2249706137011729,0.0,39940.0,0.9408716598312479,0.0,0
1.7431258473452946,0.16304668691079663,235.0,8345.0,0.35676835754727765,1.2250012847398495,0.0,39939.0,0.9408716598312479,0.0,0
1.7433833585907346,0.16310358313038262,236.0,8347.0,0.3569689725731316,1.2250012847398497,0.0,39939.0,0.9408716598312479,0.0,0
1.743727607725039,0.16324926162092818,237.0,8353.0,0.35716754321689065,1.2250012847398504,0.0,39939.0,0.9408716598312479,0.0,0
1.7439274755429468,0.16325254306719109,238.0,8354.0,0.3573641295885353,1.2250012847398501,0.0,39939.0,0.9408716598312479,0.0,0
1.7443592969770139,0.1634897377101831,239.0,8361.0,0.3575587563796104,1.22500128473985,0.0,39939.0,0.9408716598312479,0.0,0
1.7445519855435725,0.1634897377101831,240.0,8361.0,0.357751444946169,1.2250012847398497,0.0,39939.0,0.9408716598312479,0.0,0
1.7447427558893025,0.1634897377101831,241.0,8361.0,0.35794221529189907,1.2250012847398501,0.0,39939.0,0.9408716598312479,0.0,0
1.7449481706141923,0.16350628092814493,242.0,8363.0,0.35813108679882677,1.2250012847398501,0.0,39939.0,0.9408716598312479,0.0,0
1.7451997076798649,0.1635708262949691,243.0,8365.0,0.3583180784976755,1.2250012847398504,0.0,39939.0,0.9408716598312479,0.0,0
1.7455159413843617,0.16370192932831426,244.0,8368.0,0.3585032091688271,1.2250012847398501,0.0,39939.0,0.9408716598312479,0.0,0
1.745729575936509,0.1637322756683618,245.0,8370.0,0.35868649738092684,1.2250012847398495,0.0,39939.0,0.9408716598312479,0.0,0
1.7460011562048532,0.16382239181112704,246.0,8374.0,0.3588679615065058,1.2250012847398495,0.0,39939.0,0.9408716598312479,0.0,0
1.7462891217932963,0.1639306991769615,247.0,8377.0,0.3590476197291143,1.2250012847398504,0.0,39939.0,0.9408716598312479,0.0,0
1.7466817883303343,0.1641454953958147,248.0,8384.0,0.3592254900472993,1.2250012847398495,0.0,39939.0,0.9408716598312479,0.0,0
1.7468787641520103,0.1641663709874019,249.0,8385.0,0.3594015902773879,1.2250012847398504,0.0,39939.0,0.9408716598312479,0.0,0
1.7470968538990599,0.16421011295603782,250.0,8386.0,0.35957593805580174,1.2250012847398497,0.0,39939.0,0.9408716598312479,0.0,0
1.7473569596179874,0.164297605889593,251.0,8388.0,0.35974855084117413,1.2250012847398504,0.0,39939.0,0.9408716598312479,0.0,0
1.7475278546931774,0.164297605889593,252.0,8388.0,0.35991944591636427,1.2250012847398495,0.0,39939.0,0.9408716598312479,0.0,0
1.747805447384331,0.16440600410669756,253.0,8391.0,0.36008864039041305,1.2250012847398504,0.0,39939.0,0.9408716598312479,0.0,0
1.7480737683872178,0.16450681429954492,254.0,8394.0,0.36025615120045273,1.2250012847398497,0.0,39939.0,0.9408716598312479,0.0,0
1.7482833831347955,0.16455058513399787,255.0,8395.0,0.3604219951135771,1.2250012847398501,0.0,39939.0,0.9408716598312479,0.0,0
1.7487540281584695,0.164857036542571,256.0,8402.0,0.3605861887286781,1.2250012847398501,0.0,39939.0,0.9408716598312479,0.0,0
1.748960376671422,0.16490082530595207,257.0,8403.0,0.36074874847824945,1.2250012847398497,0.0,39939.0,0.9408716598312479,0.0,0
1.7491308223444397,0.1649103288270592,258.0,8404.0,0.36090969063016043,1.2250012847398493,0.0,39939.0,0.9408716598312479,0.0,0
1.7492901630036797,0.1649103288270592,259.0,8404.0,0.36106903128940016,1.2250012847398495,0.0,39939.0,0.9408716598312479,0.0,0
1.7496440435188425,0.16510645423182738,260.0,8409.0,0.3612267863997948,1.2250012847398497,0.0,39939.0,0.9408716598312479,0.0,0
1.7499115735984379,0.16521779896551994,261.0,8413.0,0.3613829717456978,1.22500128473985,0.0,39939.0,0.9408716598312479,0.0,0
1.7500662048063962,0.16521779896551994,262.0,8413.0,0.3615376029536559,1.22500128473985,0.0,39939.0,0.9408716598312479,0.0,0
1.7502631177936518,0.16526161941238007,263.0,8414.0,0.3616906954940511,1.22500128473985,0.0,39939.0,0.9408716598312479,0.0,0
1.7505271593655447,0.1653740917956059,264.0,8418.0,0.3618422646827183,1.2250012847398504,0.0,39939.0,0.9408716598312479,0.0,0
1.7507648869610242,0.16546175839126198,265.0,8420.0,0.36199232568254197,1.2250012847398495,0.0,39939.0,0.9408716598312479,0.0,0
1.7509153005674891,0.16546360417523814,266.0,8421.0,0.36214089350503054,1.22500128473985,0.0,39939.0,0.9408716598312479,0.0,0
1.7510756967835002,0.16547691088440922,267.0,8422.0,0.3622879830118709,1.22500128473985,0.0,39939.0,0.9408716598312479,0.0,0
1.7512422504846314,0.1654978386809493,268.0,8423.0,0.36243360891646215,1.2250012847398495,0.0,39939.0,0.9408716598312479,0.0,0
1.7514073561040193,0.16551876743136898,269.0,8424.0,0.3625777857854301,1.22500128473985,0.0,39939.0,0.9408716598312479,0.0,0
1.7516378086001034,0.16560647767275924,270.0,8426.0,0.3627205280401238,1.2250012847398504,0.0,39939.0,0.9408716598312479,0.0,0
1.751843923142562,0.1656712702972495,271.0,8428.0,0.36286184995809206,1.2250012847398501,0.0,39939.0,0.9408716598312479,0.0,0
1.7519838388590139,0.1656712702972495,272.0,8428.0,0.36300176567454406,1.2250012847398504,0.0,39939.0,0.9408716598312479,0.0,0
1.7521662319426312,0.1657151398716187,273.0,8429.0,0.363140289183792,1.2250012847398497,0.0,39939.0,0.9408716598312479,0.0,0
1.7523496800132874,0.16576144278539087,274.0,8431.0,0.3632774343406763,1.2250012847398501,0.0,39939.0,0.9408716598312479,0.0,0
1.752485460534586,0.16576144278539087,275.0,8431.0,0.36341321486197486,1.2250012847398501,0.0,39939.0,0.9408716598312479,0.0,0
1.7526198900004082,0.16576144278539087,276.0,8431.0,0.3635476443277969,1.22500128473985,0.0,39939.0,0.9408716598312479,0.0,0
1.7527529818555707,0.16576144278539087,277.0,8431.0,0.3636807361829596,1.2250012847398497,0.0,39939.0,0.9408716598312479,0.0,0
1.752894273163213,0.16577096653764176,278.0,8432.0,0.3638125037383508,1.2250012847398497,0.0,39939.0,0.9408716598312479,0.0,0
1.7531927937949079,0.16593903073541166,279.0,8438.0,0.3639429601722758,1.2250012847398501,0.0,39939.0,0.9408716598312479,0.0,0
1.753419278759277,0.16603635734026703,280.0,8441.0,0.3640721185317897,1.22500128473985,0.0,39939.0,0.9408716598312479,0.0,0
1.7535504513369715,0.16603965671573612,281.0,8442.0,0.36419999173401485,1.2250012847398501,0.0,39939.0,0.9408716598312479,0.0,0
1.7536770521704015,0.16603965671573612,282.0,8442.0,0.364326592567445,1.22500128473985,0.0,39939.0,0.9408716598312479,0.0,0
1.753859633112225,0.1660968965317703,283.0,8444.0,0.36445193369323403,1.22500128473985,0.0,39939.0,0.9408716598312479,0.0,0
1.7539858410487719,0.1660990105150792,284.0,8445.0,0.36457602764647223,1.2250012847398501,0.0,39939.0,0.9408716598312479,0.0,0
1.7541986532531175,0.16618896352844817,285.0,8448.0,0.36469888683744894,1.22500128473985,0.0,39939.0,0.9408716598312479,0.0,0
1.7543202899685688,0.16618896352844817,286.0,8448.0,0.36482052355290034,1.2250012847398497,0.0,39939.0,0.9408716598312479,0.0,0
1.7544407163729152,0.16618896352844817,287.0,8448.0,0.3649409499572467,1.22500128473985,0.0,39939.0,0.9408716598312479,0.0,0
1.754626692645227,0.16625571166419323,288.0,8451.0,0.36506017809381386,1.225001284739849,0.0,39939.0,0.9408716598312479,0.0,0
1.7547460305148728,0.16626150112311458,289.0,8452.0,0.36518703196005947,1.2250319573144588,0.0,39938.0,0.9408716598312479,0.0,0
1.7548725072431393,0.16627103626278153,290.0,8453.0,0.365303973548659,1.225031957314459,0.0,39938.0,0.9408716598312479,0.0,0
1.7549977728848711,0.16628057188382928,291.0,8454.0,0.36541970356934306,1.2250319573144595,0.0,39938.0,0.9408716598312479,0.0,0
1.7551635546269453,0.16633178357524356,292.0,8456.0,0.3655342736200033,1.2250319573144586,0.0,39938.0,0.9408716598312479,0.0,0
1.7553209295354801,0.16637573193803074,293.0,8457.0,0.36564770016575066,1.2250319573144597,0.0,39938.0,0.9408716598312479,0.0,0
1.7554771782909544,0.16641968442483396,294.0,8458.0,0.365759996434422,1.225031957314459,0.0,39938.0,0.9408716598312479,0.0,0
1.7555883562448327,0.16641968442483396,295.0,8458.0,0.36587117438829997,1.2250319573144595,0.0,39938.0,0.9408716598312479,0.0,0
1.7556984273066583,0.16641968442483396,296.0,8458.0,0.3659812454501258,1.2250319573144586,0.0,39938.0,0.9408716598312479,0.0,0
1.7559392905555382,0.1665515723525997,297.0,8461.0,0.3660902207712399,1.225031957314459,0.0,39938.0,0.9408716598312479,0.0,0
1.7560702834581337,0.16657467469519255,298.0,8463.0,0.3661981113312422,1.2250319573144595,0.0,39938.0,0.9408716598312479,0.0,0
1.7562650457935447,0.1666626203862167,299.0,8465.0,0.3663049279756297,1.2250319573144588,0.0,39938.0,0.9408716598312479,0.0,0
1.756414774982846,0.16670659612055952,300.0,8466.0,0.3664106814305878,1.2250319573144592,0.0,39938.0,0.9408716598312479,0.0,0
1.7565634557912806,0.16675057605023946,301.0,8467.0,0.3665153823093424,1.2250319573144588,0.0,39938.0,0.9408716598312479,0.0,0
1.7566671145973143,0.16675057605023946,302.0,8467.0,0.3666190411153762,1.2250319573144588,0.0,39938.0,0.9408716598312479,0.0,0
1.7568577162804009,0.16683855060423408,303.0,8469.0,0.366721668244468,1.2250319573144595,0.0,39938.0,0.9408716598312479,0.0,0
1.757016666852573,0.16689589543460343,304.0,8471.0,0.36682327398627096,1.2250319573144586,0.0,39938.0,0.9408716598312479,0.0,0
1.7571382600095158,0.16691689405211768,305.0,8472.0,0.3669238685256993,1.2250319573144592,0.0,39938.0,0.9408716598312479,0.0,0
1.7572378534280373,0.16691689405211768,306.0,8472.0,0.367023461944221,1.2250319573144588,0.0,39938.0,0.9408716598312479,0.0,0
1.757336455704915,0.16691689405211768,307.0,8472.0,0.3671220642210986,1.2250319573144588,0.0,39938.0,0.9408716598312479,0.0,0
1.7574340767184058,0.16691689405211768,308.0,8472.0,0.36721968523458964,1.2250319573144584,0.0,39938.0,0.9408716598312479,0.0,0
1.7575612794210462,0.16694744722623164,309.0,8474.0,0.36731633476311576,1.225031957314459,0.0,39938.0,0.9408716598312479,0.0,0
1.7577034118967119,0.16699389197860984,310.0,8476.0,0.3674120224864036,1.2250319573144586,0.0,39938.0,0.9408716598312479,0.0,0
1.757847934866768,0.16704367944846904,311.0,8478.0,0.36750675798660015,1.225031957314459,0.0,39938.0,0.9408716598312479,0.0,0
1.7580067527489,0.1671087045678377,312.0,8480.0,0.36760055074936393,1.2250319573144586,0.0,39938.0,0.9408716598312479,0.0,0
1.7581014656284775,0.16711055803184485,313.0,8481.0,0.3676934101649341,1.225031957314459,0.0,39938.0,0.9408716598312479,0.0,0
1.7581934009927227,0.16711055803184485,314.0,8481.0,0.3677853455291791,1.2250319573144586,0.0,39938.0,0.9408716598312479,0.0,0
1.7583054340716033,0.16713157059528116,315.0,8482.0,0.3678763660446236,1.225031957314459,0.0,39938.0,0.9408716598312479,0.0,0
1.7583955488484384,0.16713157059528116,316.0,8482.0,0.36796648082145855,1.2250319573144592,0.0,39938.0,0.9408716598312479,0.0,0
1.7585287967631082,0.16717560045287638,317.0,8483.0,0.36805569887853323,1.2250319573144592,0.0,39938.0,0.9408716598312479,0.0,0
1.7586171270289044,0.16717560045287638,318.0,8483.0,0.3681440291443296,1.2250319573144588,0.0,39938.0,0.9408716598312479,0.0,0
1.7587045783424966,0.16717560045287638,319.0,8483.0,0.36823148045792164,1.225031957314459,0.0,39938.0,0.9408716598312479,0.0,0
1.7587969368798277,0.1671813778782105,320.0,8484.0,0.3683180615699187,1.2250319573144595,0.0,39938.0,0.9408716598312479,0.0,0
1.7588826564533044,0.1671813778782105,321.0,8484.0,0.3684037811433954,1.2250319573144592,0.0,39938.0,0.9408716598312479,0.0,0
1.7589675230647148,0.1671813778782105,322.0,8484.0,0.3684886477548058,1.2250319573144592,0.0,39938.0,0.9408716598312479,0.0,0
1.7590562569110428,0.16718608958445846,323.0,8485.0,0.36857266989488596,1.225031957314459,0.0,39938.0,0.9408716598312479,0.0,0
1.7592734364721403,0.1673200830708988,324.0,8489.0,0.36865585596954303,1.2250319573144588,0.0,39938.0,0.9408716598312479,0.0,0
1.7594127149591452,0.16737700322671384,325.0,8492.0,0.36873821430073284,1.225031957314459,0.0,39938.0,0.9408716598312479,0.0,0
1.7594966938319327,0.16737944327291088,326.0,8493.0,0.3688197531273233,1.2250319573144588,0.0,39938.0,0.9408716598312479,0.0,0
1.7596425066949417,0.16744452865729414,327.0,8495.0,0.3689004806059489,1.225031957314459,0.0,39938.0,0.9408716598312479,0.0,0
1.7597224309008468,0.16744452865729414,328.0,8495.0,0.36898040481185385,1.225031957314459,0.0,39938.0,0.9408716598312479,0.0,0
1.7598015598287158,0.16744452865729414,329.0,8495.0,0.36905953373972306,1.2250319573144595,0.0,39938.0,0.9408716598312479,0.0,0
1.7600537904379725,0.1676184177017708,330.0,8501.0,0.3691378753045034,1.2250319573144586,0.0,39938.0,0.9408716598312479,0.0,0
1.7601964569787325,0.16768352220481794,331.0,8503.0,0.3692154373422161,1.2250319573144584,0.0,39938.0,0.9408716598312479,0.0,0
1.7602942833756765,0.16770455833322057,332.0,8504.0,0.36929222761075753,1.225031957314459,0.0,39938.0,0.9408716598312479,0.0,0
1.7603703095556111,0.16770455833322057,333.0,8504.0,0.3693682537906918,1.2250319573144595,0.0,39938.0,0.9408716598312479,0.0,0
1.7605063493708255,0.16776532845309375,334.0,8507.0,0.36944352348603304,1.2250319573144595,0.0,39938.0,0.9408716598312479,0.0,0
1.760624951856356,0.16780941019963788,335.0,8508.0,0.3695180442250196,1.2250319573144586,0.0,39938.0,0.9408716598312479,0.0,0
1.7606987310922153,0.16780941019963788,336.0,8508.0,0.36959182346087877,1.2250319573144592,0.0,39938.0,0.9408716598312479,0.0,0
1.76077177620392,0.16780941019963788,337.0,8508.0,0.3696648685725831,1.2250319573144592,0.0,39938.0,0.9408716598312479,0.0,0
1.7608440944969348,0.16780941019963788,338.0,8508.0,0.3697371868655982,1.225031957314459,0.0,39938.0,0.9408716598312479,0.0,0
1.760959782741146,0.1678534997368254,339.0,8509.0,0.36980878557262203,1.225031957314459,0.0,39938.0,0.9408716598312479,0.0,0
1.7611973794680857,0.16802021018207058,340.0,8514.0,0.3698796718543166,1.2250319573144588,0.0,39938.0,0.9408716598312479,0.0,0
1.7612675604138,0.16802021018207058,341.0,8514.0,0.36994985280003073,1.2250319573144595,0.0,39938.0,0.9408716598312479,0.0,0
1.7613370430422859,0.16802021018207058,342.0,8514.0,0.3700193354285165,1.2250319573144595,0.0,39938.0,0.9408716598312479,0.0,0
1.7614058343024062,0.16802021018207058,343.0,8514.0,0.3700881266886369,1.2250319573144592,0.0,39938.0,0.9408716598312479,0.0,0
1.7614739410738347,0.16802021018207058,344.0,8514.0,0.37015623346006543,1.2250319573144588,0.0,39938.0,0.9408716598312479,0.0,0
1.7615413701677487,0.16802021018207058,345.0,8514.0,0.3702236625539795,1.225031957314459,0.0,39938.0,0.9408716598312479,0.0,0
1.7616522352649224,0.1680643171194776,346.0,8515.0,0.3702904207137463,1.2250319573144592,0.0,39938.0,0.9408716598312479,0.0,0
1.7617183291667773,0.1680643171194776,347.0,8515.0,0.3703565146156009,1.225031957314459,0.0,39938.0,0.9408716598312479,0.0,0
1.761871990019824,0.16815254171880858,348.0,8517.0,0.3704219508693169,1.225031957314459,0.0,39938.0,0.9408716598312479,0.0,0
1.7620019481154072,0.16821771466483668,349.0,8519.0,0.3704867360188719,1.2250319573144592,0.0,39938.0,0.9408716598312479,0.0,0
1.7621102083318017,0.16826183435699918,350.0,8520.0,0.3705508765431038,1.2250319573144592,0.0,39938.0,0.9408716598312479,0.0,0
1.76217371064506,0.16826183435699918,351.0,8520.0,0.370614378856362,1.2250319573144592,0.0,39938.0,0.9408716598312479,0.0,0
1.7622576405892338,0.16828289384838382,352.0,8521.0,0.3706772493091513,1.225031957314459,0.0,39938.0,0.9408716598312479,0.0,0
1.7623198854688507,0.16828289384838382,353.0,8521.0,0.3707394941887683,1.225031957314459,0.0,39938.0,0.9408716598312479,0.0,0
1.7623815110000158,0.16828289384838382,354.0,8521.0,0.37080111971993346,1.225031957314459,0.0,39938.0,0.9408716598312479,0.0,0
1.762442523345497,0.16828289384838382,355.0,8521.0,0.3708621320654147,1.2250319573144586,0.0,39938.0,0.9408716598312479,0.0,0
1.762502928606727,0.16828289384838382,356.0,8521.0,0.37092253732664465,1.2250319573144586,0.0,39938.0,0.9408716598312479,0.0,0
1.7625627328244164,0.16828289384838382,357.0,8521.0,0.3709823415443338,1.2250319573144588,0.0,39938.0,0.9408716598312479,0.0,0
1.762631519265224,0.1682924711344507,358.0,8522.0,0.37104155069907463,1.2250319573144595,0.0,39938.0,0.9408716598312479,0.0,0
1.7627112045812492,0.16831353643760932,359.0,8523.0,0.3711001707119412,1.225031957314459,0.0,39938.0,0.9408716598312479,0.0,0
1.7627692413143903,0.16831353643760932,360.0,8523.0,0.3711582074450825,1.2250319573144588,0.0,39938.0,0.9408716598312479,0.0,0
1.7628708391654941,0.16835767503148552,361.0,8524.0,0.37121566670231027,1.225031957314459,0.0,39938.0,0.9408716598312479,0.0,0
1.762937305621289,0.1683672539599115,362.0,8525.0,0.37127255422967875,1.2250319573144586,0.0,39938.0,0.9408716598312479,0.0,0
1.7629936271076718,0.1683672539599115,363.0,8525.0,0.3713288757160616,1.225031957314459,0.0,39938.0,0.9408716598312479,0.0,0
1.763049388185331,0.1683672539599115,364.0,8525.0,0.37138463679372063,1.225031957314459,0.0,39938.0,0.9408716598312479,0.0,0
1.7631045944304804,0.1683672539599115,365.0,8525.0,0.37143984303887034,1.225031957314459,0.0,39938.0,0.9408716598312479,0.0,0
1.7631592513638457,0.1683672539599115,366.0,8525.0,0.37149449997223527,1.2250319573144588,0.0,39938.0,0.9408716598312479,0.0,0
1.7632154897203236,0.1683693792290211,367.0,8526.0,0.37154861305960396,1.2250319573144592,0.0,39938.0,0.9408716598312479,0.0,0
1.7632690643730942,0.1683693792290211,368.0,8526.0,0.37160218771237424,1.2250319573144592,0.0,39938.0,0.9408716598312479,0.0,0
1.763324941013398,0.16837221429360308,369.0,8527.0,0.3716552292880964,1.225031957314459,0.0,39938.0,0.9408716598312479,0.0,0
1.7633774548163108,0.16837221429360308,370.0,8527.0,0.3717077430910089,1.225031957314459,0.0,39938.0,0.9408716598312479,0.0,0
1.7634294460978701,0.16837221429360308,371.0,8527.0,0.3717597343725683,1.2250319573144588,0.0,39938.0,0.9408716598312479,0.0,0
1.7635672252023595,0.16845851943868473,372.0,8530.0,0.3718112083319764,1.225031957314459,0.0,39938.0,0.9408716598312479,0.0,0
1.763618186987082,0.16845851943868473,373.0,8530.0,0.3718621701166986,1.225031957314459,0.0,39938.0,0.9408716598312479,0.0,0
1.7636733659571509,0.16846324370247187,374.0,8531.0,0.37191262482298026,1.225031957314459,0.0,39938.0,0.9408716598312479,0.0,0
1.7637233186305272,0.16846324370247187,375.0,8531.0,0.37196257749635675,1.2250319573144595,0.0,39938.0,0.9408716598312479,0.0,0
1.7637727742663267,0.16846324370247187,376.0,8531.0,0.37201203313215625,1.225031957314459,0.0,39938.0,0.9408716598312479,0.0,0
1.7638659014892317,0.16850740738153094,377.0,8532.0,0.37206099667600206,1.225031957314459,0.0,39938.0,0.9408716598312479,0.0,0
1.7639585429440037,0.1685515724879995,378.0,8533.0,0.3721094730243057,1.225031957314459,0.0,39938.0,0.9408716598312479,0.0,0
1.764006536944455,0.1685515724879995,379.0,8533.0,0.372157467024757,1.2250319573144588,0.0,39938.0,0.9408716598312479,0.0,0
1.7640540533965074,0.1685515724879995,380.0,8533.0,0.3722049834768096,1.225031957314459,0.0,39938.0,0.9408716598312479,0.0,0
1.7641452673148754,0.16859574275101646,381.0,8534.0,0.37225202713216027,1.2250319573144588,0.0,39938.0,0.9408716598312479,0.0,0
1.7641918428779397,0.16859574275101646,382.0,8534.0,0.37229860269522486,1.225031957314459,0.0,39938.0,0.9408716598312479,0.0,0
1.7642821287235737,0.1686399164682667,383.0,8535.0,0.3723447148236085,1.225031957314459,0.0,39938.0,0.9408716598312479,0.0,0
1.7643719577455164,0.16868409218524658,384.0,8536.0,0.37239036812857124,1.2250319573144595,0.0,39938.0,0.9408716598312479,0.0,0
1.7644171567924352,0.16868409218524658,385.0,8536.0,0.37243556717548965,1.2250319573144592,0.0,39938.0,0.9408716598312479,0.0,0
1.7644647430428295,0.168686929126817,386.0,8537.0,0.37248031648431373,1.2250319573144586,0.0,39938.0,0.9408716598312479,0.0,0
1.7645090470885338,0.168686929126817,387.0,8537.0,0.3725246205300184,1.2250319573144592,0.0,39938.0,0.9408716598312479,0.0,0
1.7645529103015662,0.168686929126817,388.0,8537.0,0.3725684837430507,1.225031957314459,0.0,39938.0,0.9408716598312479,0.0,0
1.7646097477569762,0.16870033981550336,389.0,8538.0,0.37261191050977427,1.2250319573144586,0.0,39938.0,0.9408716598312479,0.0,0
1.7647103383389513,0.16875793573434603,390.0,8540.0,0.3726549051729067,1.225031957314459,0.0,39938.0,0.9408716598312479,0.0,0
1.7648181824679579,0.16882321300430445,391.0,8542.0,0.3726974720319547,1.2250319573144586,0.0,39938.0,0.9408716598312479,0.0,0
1.7649045156716634,0.16886740289632066,392.0,8543.0,0.37273961534364397,1.2250319573144595,0.0,39938.0,0.9408716598312479,0.0,0
1.7649904309776938,0.1689115942236512,393.0,8544.0,0.372781339322344,1.2250319573144588,0.0,39938.0,0.9408716598312479,0.0,0
1.7650317397958406,0.1689115942236512,394.0,8544.0,0.37282264814049093,1.225031957314459,0.0,39938.0,0.9408716598312479,0.0,0
1.7650961787942907,0.1689351354335881,395.0,8546.0,0.3728635459290038,1.225031957314459,0.0,39938.0,0.9408716598312479,0.0,0
1.7651366696429853,0.1689351354335881,396.0,8546.0,0.3729040367776985,1.225031957314459,0.0,39938.0,0.9408716598312479,0.0,0
1.7651767576009825,0.1689351354335881,397.0,8546.0,0.37294412473569616,1.2250319573144588,0.0,39938.0,0.9408716598312479,0.0,0
1.7652164466771145,0.1689351354335881,398.0,8546.0,0.37298381381182755,1.225031957314459,0.0,39938.0,0.9408716598312479,0.0,0
1.765255740840323,0.1689351354335881,399.0,8546.0,0.3730231079750364,1.2250319573144592,0.0,39938.0,0.9408716598312479,0.0,0
1.7652946440200596,0.1689351354335881,400.0,8546.0,0.3730620111547729,1.2250319573144586,0.0,39938.0,0.9408716598312479,0.0,0
1.765333160106676,0.1689351354335881,401.0,8546.0,0.3731005272413892,1.2250319573144595,0.0,39938.0,0.9408716598312479,0.0,0
1.7653712929518144,0.1689351354335881,402.0,8546.0,0.3731386600865274,1.2250319573144588,0.0,39938.0,0.9408716598312479,0.0,0
1.765409046368792,0.1689351354335881,403.0,8546.0,0.37317641350350544,1.2250319573144586,0.0,39938.0,0.9408716598312479,0.0,0
1.7654906279157505,0.16897933921635416,404.0,8547.0,0.37321379126769755,1.225031957314459,0.0,39938.0,0.9408716598312479,0.0,0
1.7655276337649652,0.16897933921635416,405.0,8547.0,0.37325079711691245,1.2250319573144592,0.0,39938.0,0.9408716598312479,0.0,0
1.7657484177968255,0.1691634856133601,406.0,8552.0,0.3732874347517668,1.2250319573144588,0.0,39938.0,0.9408716598312479,0.0,0
1.7657846908811143,0.1691634856133601,407.0,8552.0,0.3733237078360556,1.225031957314459,0.0,39938.0,0.9408716598312479,0.0,0
1.7658648164402224,0.16920769901140534,408.0,8553.0,0.3733596199971184,1.2250319573144586,0.0,39938.0,0.9408716598312479,0.0,0
1.7659003712693058,0.16920769901140534,409.0,8553.0,0.37339517482620177,1.2250319573144592,0.0,39938.0,0.9408716598312479,0.0,0
1.765945167622255,0.16921729431173743,410.0,8554.0,0.3734303758788189,1.2250319573144595,0.0,39938.0,0.9408716598312479,0.0,0
1.7660266855429705,0.16926396143616673,411.0,8556.0,0.3734652266751053,1.2250319573144586,0.0,39938.0,0.9408716598312479,0.0,0
1.766061189568035,0.16926396143616673,412.0,8556.0,0.3734997307001697,1.2250319573144586,0.0,39938.0,0.9408716598312479,0.0,0
1.7660953502723098,0.16926396143616673,413.0,8556.0,0.3735338914044443,1.2250319573144595,0.0,39938.0,0.9408716598312479,0.0,0
1.7661291710718936,0.16926396143616673,414.0,8556.0,0.3735677122040283,1.2250319573144588,0.0,39938.0,0.9408716598312479,0.0,0
1.766172251931202,0.16927355801847302,415.0,8557.0,0.3736011964810303,1.2250319573144588,0.0,39938.0,0.9408716598312479,0.0,0
1.7662054030340777,0.16927355801847302,416.0,8557.0,0.37363434758390607,1.2250319573144588,0.0,39938.0,0.9408716598312479,0.0,0
1.7662382242779655,0.16927355801847302,417.0,8557.0,0.37366716882779377,1.2250319573144595,0.0,39938.0,0.9408716598312479,0.0,0
1.766314943576118,0.16931778264957334,418.0,8558.0,0.3736996634948462,1.2250319573144592,0.0,39938.0,0.9408716598312479,0.0,0
1.766347114915828,0.16931778264957334,419.0,8558.0,0.37373183483455635,1.2250319573144586,0.0,39938.0,0.9408716598312479,0.0,0
1.7665135135763221,0.16945233008053756,420.0,8562.0,0.3737636860640859,1.2250319573144588,0.0,39938.0,0.9408716598312479,0.0,0
1.7665450478808207,0.16945233008053756,421.0,8562.0,0.37379522036858454,1.2250319573144592,0.0,39938.0,0.9408716598312479,0.0,0
1.766576268413745,0.16945233008053756,422.0,8562.0,0.3738264409015088,1.2250319573144586,0.0,39938.0,0.9408716598312479,0.0,0
1.7666071782971748,0.16945233008053756,423.0,8562.0,0.3738573507849387,1.225031957314459,0.0,39938.0,0.9408716598312479,0.0,0
1.7666425127720786,0.16945706223049173,424.0,8563.0,0.3738879531098883,1.2250319573144588,0.0,39938.0,0.9408716598312479,0.0,0
1.7666862373505976,0.16947048898228323,425.0,8564.0,0.37391825093661574,1.225031957314459,0.0,39938.0,0.9408716598312479,0.0,0
1.7667604698905037,0.1695147251638761,426.0,8565.0,0.3739482472949291,1.225031957314459,0.0,39938.0,0.9408716598312479,0.0,0
1.766790167780064,0.1695147251638761,427.0,8565.0,0.373977945184489,1.2250319573144595,0.0,39938.0,0.9408716598312479,0.0,0
1.7668195701706844,0.1695147251638761,428.0,8565.0,0.3740073475751096,1.2250319573144588,0.0,39938.0,0.9408716598312479,0.0,0
1.766848680002629,0.1695147251638761,429.0,8565.0,0.3740364574070545,1.2250319573144586,0.0,39938.0,0.9408716598312479,0.0,0
1.7668775001869064,0.1695147251638761,430.0,8565.0,0.3740652775913314,1.2250319573144592,0.0,39938.0,0.9408716598312479,0.0,0
1.7669060336055575,0.1695147251638761,431.0,8565.0,0.3740938110099826,1.225031957314459,0.0,39938.0,0.9408716598312479,0.0,0
1.7669342831119486,0.1695147251638761,432.0,8565.0,0.3741220605163739,1.2250319573144588,0.0,39938.0,0.9408716598312479,0.0,0
1.7669756804912362,0.1695281541240581,433.0,8566.0,0.3741500289354794,1.2250319573144588,0.0,39938.0,0.9408716598312479,0.0,0
1.767003370619921,0.1695281541240581,434.0,8566.0,0.3741777190641644,1.2250319573144592,0.0,39938.0,0.9408716598312479,0.0,0
1.7670307852272222,0.1695281541240581,435.0,8566.0,0.3742051336714653,1.2250319573144592,0.0,39938.0,0.9408716598312479,0.0,0
1.7670579270546223,0.1695281541240581,436.0,8566.0,0.37423227549886545,1.2250319573144595,0.0,39938.0,0.9408716598312479,0.0,0
1.7671501625928474,0.1695935179005788,437.0,8568.0,0.37425914726056997,1.225031957314459,0.0,39938.0,0.9408716598312479,0.0,0
1.7672306172208805,0.169647368145404,438.0,8570.0,0.3742857516437778,1.2250319573144588,0.0,39938.0,0.9408716598312479,0.0,0
1.767256956886052,0.169647368145404,439.0,8570.0,0.3743120913089495,1.2250319573144592,0.0,39938.0,0.9408716598312479,0.0,0
1.7672926371413145,0.16965697081954237,440.0,8571.0,0.3743381688900735,1.225031957314459,0.0,39938.0,0.9408716598312479,0.0,0
1.7673414897039894,0.1696800052773615,441.0,8573.0,0.37436398699492945,1.225031957314459,0.0,39938.0,0.9408716598312479,0.0,0
1.7673670509144097,0.1696800052773615,442.0,8573.0,0.37438954820534964,1.2250319573144586,0.0,39938.0,0.9408716598312479,0.0,0
1.7673923577865365,0.1696800052773615,443.0,8573.0,0.3744148550774764,1.225031957314459,0.0,39938.0,0.9408716598312479,0.0,0
1.7674174128510782,0.1696800052773615,444.0,8573.0,0.37443991014201794,1.2250319573144588,0.0,39938.0,0.9408716598312479,0.0,0
1.7675075954381745,0.169745382101974,445.0,8575.0,0.3744647159045019,1.2250319573144592,0.0,39938.0,0.9408716598312479,0.0,0
1.7675321543791973,0.169745382101974,446.0,8575.0,0.3744892748455247,1.2250319573144586,0.0,39938.0,0.9408716598312479,0.0,0
1.7676007262360636,0.16978963938336336,447.0,8576.0,0.37451358942100144,1.2250319573144588,0.0,39938.0,0.9408716598312479,0.0,0
1.7676295337251198,0.16979437423101126,448.0,8577.0,0.3745376620624099,1.225031957314459,0.0,39938.0,0.9408716598312479,0.0,0
1.7676533668397436,0.16979437423101126,449.0,8577.0,0.3745614951770338,1.2250319573144592,0.0,39938.0,0.9408716598312479,0.0,0
1.7676769628109146,0.16979437423101126,450.0,8577.0,0.3745850911482049,1.2250319573144586,0.0,39938.0,0.9408716598312479,0.0,0
1.7677003239982496,0.16979437423101126,451.0,8577.0,0.3746084523355399,1.2250319573144586,0.0,39938.0,0.9408716598312479,0.0,0
1.767723452737887,0.16979437423101126,452.0,8577.0,0.37463158107517713,1.2250319573144586,0.0,39938.0,0.9408716598312479,0.0,0
1.7677463513427194,0.16979437423101126,453.0,8577.0,0.37465447968000964,1.2250319573144592,0.0,39938.0,0.9408716598312479,0.0,0
1.7677901480506755,0.16981550017905972,454.0,8578.0,0.3746771504399171,1.2250319573144588,0.0,39938.0,0.9408716598312479,0.0,0
1.7678125932327529,0.16981550017905972,455.0,8578.0,0.3746995956219944,1.2250319573144595,0.0,39938.0,0.9408716598312479,0.0,0
1.7678348150815368,0.16981550017905972,456.0,8578.0,0.3747218174707785,1.2250319573144588,0.0,39938.0,0.9408716598312479,0.0,0
1.7679587808333712,0.16991746519320017,457.0,8581.0,0.37474381820847263,1.2250319573144586,0.0,39938.0,0.9408716598312479,0.0,0
1.7679805626600678,0.16991746519320017,458.0,8581.0,0.37476560003516907,1.2250319573144588,0.0,39938.0,0.9408716598312479,0.0,0
1.7680021277539673,0.16991746519320017,459.0,8581.0,0.3747871651290685,1.225031957314459,0.0,39938.0,0.9408716598312479,0.0,0
1.7680234782715971,0.16991746519320017,460.0,8581.0,0.3748085156466984,1.2250319573144584,0.0,39938.0,0.9408716598312479,0.0,0
1.7680446163480272,0.16991746519320017,461.0,8581.0,0.3748296537231285,1.2250319573144592,0.0,39938.0,0.9408716598312479,0.0,0
1.7680728655203966,0.16992478661651442,462.0,8582.0,0.37485058147218364,1.2250319573144592,0.0,39938.0,0.9408716598312479,0.0,0
1.7680935850348698,0.16992478661651442,463.0,8582.0,0.3748713009866566,1.225031957314459,0.0,39938.0,0.9408716598312479,0.0,0
1.7681140983867287,0.16992478661651442,464.0,8582.0,0.37489181433851565,1.2250319573144592,0.0,39938.0,0.9408716598312479,0.0,0
1.7681377346988072,0.16992811368799496,465.0,8583.0,0.37491212357911347,1.225031957314459,0.0,39938.0,0.9408716598312479,0.0,0
1.768178972467375,0.1699492442962857,466.0,8584.0,0.3749322307393908,1.225031957314459,0.0,39938.0,0.9408716598312479,0.0,0
1.7681988795580652,0.1699492442962857,467.0,8584.0,0.3749521378300808,1.225031957314459,0.0,39938.0,0.9408716598312479,0.0,0
1.7682628624478989,0.16999351817429173,468.0,8585.0,0.37497184684190854,1.2250319573144586,0.0,39938.0,0.9408716598312479,0.0,0
1.7682852184544637,0.16999636127697315,469.0,8586.0,0.37499135974579206,1.2250319573144586,0.0,39938.0,0.9408716598312479,0.0,0
1.7683045372017097,0.16999636127697315,470.0,8586.0,0.3750106784930378,1.2250319573144588,0.0,39938.0,0.9408716598312479,0.0,0
1.7683236637242083,0.16999636127697315,471.0,8586.0,0.3750298050155368,1.225031957314459,0.0,39938.0,0.9408716598312479,0.0,0
1.7683425999346287,0.16999636127697315,472.0,8586.0,0.37504874122595694,1.2250319573144586,0.0,39938.0,0.9408716598312479,0.0,0
1.7684056252777107,0.1700406388280769,473.0,8587.0,0.3750674890179354,1.2250319573144588,0.0,39938.0,0.9408716598312479,0.0,0
1.7684684653100269,0.1700849176120616,474.0,8588.0,0.3750860502662668,1.225031957314459,0.0,39938.0,0.9408716598312479,0.0,0
1.7684868418708517,0.1700849176120616,475.0,8588.0,0.3751044268270914,1.225031957314459,0.0,39938.0,0.9408716598312479,0.0,0
1.768505035581841,0.1700849176120616,476.0,8588.0,0.3751226205380808,1.225031957314459,0.0,39938.0,0.9408716598312479,0.0,0
1.768523048262381,0.1700849176120616,477.0,8588.0,0.37514063321862096,1.2250319573144588,0.0,39938.0,0.9408716598312479,0.0,0
1.7685408817137556,0.1700849176120616,478.0,8588.0,0.3751584666699952,1.2250319573144588,0.0,39938.0,0.9408716598312479,0.0,0
1.7685585377193238,0.1700849176120616,479.0,8588.0,0.3751761226755635,1.2250319573144595,0.0,39938.0,0.9408716598312479,0.0,0
1.7685760180447014,0.1700849176120616,480.0,8588.0,0.37519360300094096,1.225031957314459,0.0,39938.0,0.9408716598312479,0.0,0
1.768593324437935,0.1700849176120616,481.0,8588.0,0.3752109093941749,1.2250319573144595,0.0,39938.0,0.9408716598312479,0.0,0
1.768610458629679,0.1700849176120616,482.0,8588.0,0.37522804358591877,1.225031957314459,0.0,39938.0,0.9408716598312479,0.0,0
1.7686274223333665,0.1700849176120616,483.0,8588.0,0.37524500728960636,1.225031957314459,0.0,39938.0,0.9408716598312479,0.0,0
1.768644217245382,0.1700849176120616,484.0,8588.0,0.3752618022016219,1.2250319573144588,0.0,39938.0,0.9408716598312479,0.0,0
1.768660845045231,0.1700849176120616,485.0,8588.0,0.3752784300014709,1.225031957314459,0.0,39938.0,0.9408716598312479,0.0,0
1.7686773073957074,0.1700849176120616,486.0,8588.0,0.37529489235194696,1.225031957314459,0.0,39938.0,0.9408716598312479,0.0,0
1.768693605943059,0.1700849176120616,487.0,8588.0,0.3753111908992989,1.2250319573144592,0.0,39938.0,0.9408716598312479,0.0,0
1.7687097423171552,0.1700849176120616,488.0,8588.0,0.3753273272733949,1.2250319573144588,0.0,39938.0,0.9408716598312479,0.0,0
1.7687257181316463,0.1700849176120616,489.0,8588.0,0.37534330308788616,1.225031957314459,0.0,39938.0,0.9408716598312479,0.0,0
1.7687415349841271,0.1700849176120616,490.0,8588.0,0.3753591199403671,1.2250319573144588,0.0,39938.0,0.9408716598312479,0.0,0
1.7687571944562965,0.1700849176120616,491.0,8588.0,0.37537477941253644,1.2250319573144586,0.0,39938.0,0.9408716598312479,0.0,0
1.7687726981141143,0.1700849176120616,492.0,8588.0,0.37539028307035405,1.2250319573144588,0.0,39938.0,0.9408716598312479,0.0,0
1.7687880475079591,0.1700849176120616,493.0,8588.0,0.37540563246419895,1.2250319573144595,0.0,39938.0,0.9408716598312479,0.0,0
1.7688032441727835,0.1700849176120616,494.0,8588.0,0.37542082912902336,1.225031957314459,0.0,39938.0,0.9408716598312479,0.0,0
1.7688182896282663,0.1700849176120616,495.0,8588.0,0.3754358745845062,1.225031957314459,0.0,39938.0,0.9408716598312479,0.0,0
1.768833185378966,0.1700849176120616,496.0,8588.0,0.37545077033520574,1.2250319573144588,0.0,39938.0,0.9408716598312479,0.0,0
1.7688479329144695,0.1700849176120616,497.0,8588.0,0.37546551787070936,1.2250319573144595,0.0,39938.0,0.9408716598312479,0.0,0
1.768862533709543,0.1700849176120616,498.0,8588.0,0.3754801186657829,1.2250319573144588,0.0,39938.0,0.9408716598312479,0.0,0
1.7688769892242784,0.1700849176120616,499.0,8588.0,0.3754945741805181,1.225031957314459,0.0,39938.0,0.9408716598312479,0.0,0
1.7688913009042389,0.1700849176120616,500.0,8588.0,0.37550888586047854,1.2250319573144595,0.0,39938.0,0.9408716598312479,0.0,0
1.768949761422515,0.1701292088539724,501.0,8589.0,0.37552305513684375,1.225031957314459,0.0,39938.0,0.9408716598312479,0.0,0
1.7689637897122246,0.1701292088539724,502.0,8589.0,0.3755370834265536,1.225031957314459,0.0,39938.0,0.9408716598312479,0.0,0
1.7689776784181197,0.1701292088539724,503.0,8589.0,0.3755509721324487,1.2250319573144588,0.0,39938.0,0.9408716598312479,0.0,0
1.7689914289290822,0.1701292088539724,504.0,8589.0,0.3755647226434112,1.225031957314459,0.0,39938.0,0.9408716598312479,0.0,0
1.7690050426201747,0.1701292088539724,505.0,8589.0,0.37557833633450355,1.2250319573144588,0.0,39938.0,0.9408716598312479,0.0,0
1.769018520852777,0.1701292088539724,506.0,8589.0,0.3755918145671061,1.225031957314459,0.0,39938.0,0.9408716598312479,0.0,0
1.7690318649747245,0.1701292088539724,507.0,8589.0,0.3756051586890536,1.2250319573144588,0.0,39938.0,0.9408716598312479,0.0,0
1.7690450763204402,0.1701292088539724,508.0,8589.0,0.37561837003476933,1.2250319573144586,0.0,39938.0,0.9408716598312479,0.0,0
1.7690581562110697,0.1701292088539724,509.0,8589.0,0.3756314499253986,1.2250319573144588,0.0,39938.0,0.9408716598312479,0.0,0
1.7690711059546125,0.1701292088539724,510.0,8589.0,0.3756443996689416,1.225031957314459,0.0,39938.0,0.9408716598312479,0.0,0
1.7690839268460545,0.1701292088539724,511.0,8589.0,0.37565722056038353,1.2250319573144592,0.0,39938.0,0.9408716598312479,0.0,0
1.7690966201674951,0.1701292088539724,512.0,8589.0,0.37566991388182425,1.2250319573144588,0.0,39938.0,0.9408716598312479,0.0,0
1.769109187188277,0.1701292088539724,513.0,8589.0,0.37568248090260603,1.225031957314459,0.0,39938.0,0.9408716598312479,0.0,0
1.7691216291651128,0.1701292088539724,514.0,8589.0,0.37569492287944206,1.225031957314459,0.0,39938.0,0.9408716598312479,0.0,0
1.769133947342211,0.1701292088539724,515.0,8589.0,0.3757072410565398,1.225031957314459,0.0,39938.0,0.9408716598312479,0.0,0
1.7692057510418857,0.17018881694445917,516.0,8592.0,0.3757194366657278,1.225031957314459,0.0,39938.0,0.9408716598312479,0.0,0
1.7692178253027344,0.17018881694445917,517.0,8592.0,0.37573151092657664,1.225031957314459,0.0,39938.0,0.9408716598312479,0.0,0
1.7692297794226808,0.17018881694445917,518.0,8592.0,0.3757434650465228,1.225031957314459,0.0,39938.0,0.9408716598312479,0.0,0
1.7692416145971455,0.17018881694445917,519.0,8592.0,0.375755300220988,1.2250319573144584,0.0,39938.0,0.9408716598312479,0.0,0
1.7692533320096573,0.17018881694445917,520.0,8592.0,0.37576701763349973,1.2250319573144586,0.0,39938.0,0.9408716598312479,0.0,0
1.7692649328319667,0.17018881694445917,521.0,8592.0,0.375778618455809,1.2250319573144592,0.0,39938.0,0.9408716598312479,0.0,0
1.7692764182241654,0.17018881694445917,522.0,8592.0,0.37579010384800743,1.225031957314459,0.0,39938.0,0.9408716598312479,0.0,0
1.7692890549344924,0.17019471854352552,523.0,8593.0,0.3758105100592528,1.2250626314251158,0.0,39937.0,0.9408716598312479,0.0,0
1.7693003837437826,0.17019471854352552,524.0,8593.0,0.37582183886854303,1.225062631425116,0.0,39937.0,0.9408716598312479,0.0,0
1.7693115528735868,0.17019471854352552,525.0,8593.0,0.3758330079983473,1.225062631425116,0.0,39937.0,0.9408716598312479,0.0,0
1.769322602595804,0.17019471854352552,526.0,8593.0,0.3758440577205645,1.2250626314251163,0.0,39937.0,0.9408716598312479,0.0,0
1.7693335389200335,0.17019471854352552,527.0,8593.0,0.37585499404479383,1.2250626314251167,0.0,39937.0,0.9408716598312479,0.0,0
1.7693443647867615,0.17019471854352552,528.0,8593.0,0.3758658199115219,1.2250626314251165,0.0,39937.0,0.9408716598312479,0.0,0
1.7693550819968822,0.17019471854352552,529.0,8593.0,0.3758765371216429,1.2250626314251163,0.0,39937.0,0.9408716598312479,0.0,0
1.7693656919215546,0.17019471854352552,530.0,8593.0,0.375887147046315,1.225062631425116,0.0,39937.0,0.9408716598312479,0.0,0
1.7693761957637664,0.17019471854352552,531.0,8593.0,0.3758976508885269,1.2250626314251163,0.0,39937.0,0.9408716598312479,0.0,0
1.7693865946549494,0.17019471854352552,532.0,8593.0,0.37590804977971004,1.2250626314251163,0.0,39937.0,0.9408716598312479,0.0,0
1.769396889690877,0.17019471854352552,533.0,8593.0,0.3759183448156374,1.225062631425116,0.0,39937.0,0.9408716598312479,0.0,0
1.7694648349419497,0.1702524715402761,534.0,8595.0,0.3759285370699595,1.2250626314251165,0.0,39937.0,0.9408716598312479,0.0,0
1.7694749254714768,0.1702524715402761,535.0,8595.0,0.37593862759948676,1.2250626314251165,0.0,39937.0,0.9408716598312479,0.0,0
1.7694849153184022,0.1702524715402761,536.0,8595.0,0.375948617446412,1.2250626314251163,0.0,39937.0,0.9408716598312479,0.0,0
1.7694948055113775,0.1702524715402761,537.0,8595.0,0.3759585076393875,1.225062631425116,0.0,39937.0,0.9408716598312479,0.0,0
1.7695045970661494,0.1702524715402761,538.0,8595.0,0.3759682991941593,1.2250626314251163,0.0,39937.0,0.9408716598312479,0.0,0
1.7695142909860146,0.1702524715402761,539.0,8595.0,0.3759779931140246,1.2250626314251167,0.0,39937.0,0.9408716598312479,0.0,0
1.7695238882621942,0.1702524715402761,540.0,8595.0,0.37598759039020396,1.2250626314251165,0.0,39937.0,0.9408716598312479,0.0,0
1.7695333898741616,0.1702524715402761,541.0,8595.0,0.37599709200217124,1.225062631425117,0.0,39937.0,0.9408716598312479,0.0,0
1.7695427967899438,0.1702524715402761,542.0,8595.0,0.3760064989179535,1.2250626314251165,0.0,39937.0,0.9408716598312479,0.0,0
1.7695521099663978,0.1702524715402761,543.0,8595.0,0.3760158120944076,1.2250626314251163,0.0,39937.0,0.9408716598312479,0.0,0
1.769561330349469,0.1702524715402761,544.0,8595.0,0.37602503247747887,1.2250626314251167,0.0,39937.0,0.9408716598312479,0.0,0
1.7695704588744314,0.1702524715402761,545.0,8595.0,0.3760341610024412,1.2250626314251163,0.0,39937.0,0.9408716598312479,0.0,0
1.7695794964661147,0.1702524715402761,546.0,8595.0,0.37604319859412466,1.2250626314251163,0.0,39937.0,0.9408716598312479,0.0,0
1.769588444039116,0.1702524715402761,547.0,8595.0,0.3760521461671262,1.2250626314251165,0.0,39937.0,0.9408716598312479,0.0,0
1.7695973024980003,0.1702524715402761,548.0,8595.0,0.37606100462601005,1.2250626314251163,0.0,39937.0,0.9408716598312479,0.0,0
1.7696060727374872,0.1702524715402761,549.0,8595.0,0.37606977486549703,1.2250626314251165,0.0,39937.0,0.9408716598312479,0.0,0
1.7696147556426316,0.1702524715402761,550.0,8595.0,0.37607845777064147,1.225062631425117,0.0,39937.0,0.9408716598312479,0.0,0
1.769623352088991,0.1702524715402761,551.0,8595.0,0.3760870542170013,1.2250626314251163,0.0,39937.0,0.9408716598312479,0.0,0
1.769631862942787,0.1702524715402761,552.0,8595.0,0.3760955650707969,1.2250626314251165,0.0,39937.0,0.9408716598312479,0.0,0
1.769640289061055,0.1702524715402761,553.0,8595.0,0.3761039911890649,1.2250626314251167,0.0,39937.0,0.9408716598312479,0.0,0
1.769648631291792,0.1702524715402761,554.0,8595.0,0.3761123334198021,1.2250626314251158,0.0,39937.0,0.9408716598312479,0.0,0
1.769656890474095,0.1702524715402761,555.0,8595.0,0.3761205926021049,1.2250626314251163,0.0,39937.0,0.9408716598312479,0.0,0
1.7696650674382923,0.1702524715402761,556.0,8595.0,0.37612876956630237,1.225062631425116,0.0,39937.0,0.9408716598312479,0.0,0
1.7696731630060711,0.1702524715402761,557.0,8595.0,0.37613686513408107,1.2250626314251163,0.0,39937.0,0.9408716598312479,0.0,0
1.7696811779906005,0.1702524715402761,558.0,8595.0,0.37614488011861047,1.2250626314251167,0.0,39937.0,0.9408716598312479,0.0,0
1.7696891131966472,0.1702524715402761,559.0,8595.0,0.37615281532465716,1.225062631425116,0.0,39937.0,0.9408716598312479,0.0,0
1.7696969694206905,0.1702524715402761,560.0,8595.0,0.3761606715487004,1.225062631425116,0.0,39937.0,0.9408716598312479,0.0,0
1.76970474745103,0.1702524715402761,561.0,8595.0,0.3761684495790397,1.2250626314251165,0.0,39937.0,0.9408716598312479,0.0,0
1.7697124480678916,0.1702524715402761,562.0,8595.0,0.3761761501959012,1.2250626314251167,0.0,39937.0,0.9408716598312479,0.0,0
1.7697200720435298,0.1702524715402761,563.0,8595.0,0.37618377417153953,1.2250626314251163,0.0,39937.0,0.9408716598312479,0.0,0
1.7697276201423273,0.1702524715402761,564.0,8595.0,0.3761913222703373,1.2250626314251167,0.0,39937.0,0.9408716598312479,0.0,0
1.769735093120891,0.1702524715402761,565.0,8595.0,0.3761987952489008,1.2250626314251163,0.0,39937.0,0.9408716598312479,0.0,0
1.7697424917281444,0.1702524715402761,566.0,8595.0,0.37620619385615417,1.225062631425117,0.0,39937.0,0.9408716598312479,0.0,0
1.7697498167054195,0.1702524715402761,567.0,8595.0,0.3762135188334296,1.2250626314251165,0.0,39937.0,0.9408716598312479,0.0,0
1.7697570687865478,0.1702524715402761,568.0,8595.0,0.3762207709145578,1.2250626314251167,0.0,39937.0,0.9408716598312479,0.0,0
1.7697642486979428,0.1702524715402761,569.0,8595.0,0.3762279508259525,1.2250626314251163,0.0,39937.0,0.9408716598312479,0.0,0
1.769771357158687,0.1702524715402761,570.0,8595.0,0.37623505928669676,1.2250626314251167,0.0,39937.0,0.9408716598312479,0.0,0
1.7697783948806156,0.1702524715402761,571.0,8595.0,0.37624209700862543,1.2250626314251165,0.0,39937.0,0.9408716598312479,0.0,0
1.7697853625683952,0.1702524715402761,572.0,8595.0,0.3762490646964052,1.225062631425116,0.0,39937.0,0.9408716598312479,0.0,0
1.7697922609196053,0.1702524715402761,573.0,8595.0,0.37625596304761505,1.225062631425117,0.0,39937.0,0.9408716598312479,0.0,0
1.769799090624814,0.1702524715402761,574.0,8595.0,0.37626279275282376,1.2250626314251163,0.0,39937.0,0.9408716598312479,0.0,0
1.7698058523676568,0.1702524715402761,575.0,8595.0,0.3762695544956664,1.2250626314251163,0.0,39937.0,0.9408716598312479,0.0,0
1.769812546824909,0.1702524715402761,576.0,8595.0,0.3762762489529188,1.225062631425117,0.0,39937.0,0.9408716598312479,0.0,0
1.769867433630139,0.17030073050385391,577.0,8597.0,0.37628287679457095,1.225062631425117,0.0,39937.0,0.9408716598312479,0.0,0
1.7698739955194691,0.17030073050385391,578.0,8597.0,0.3762894386839011,1.2250626314251165,0.0,39937.0,0.9408716598312479,0.0,0
1.7698804921131122,0.17030073050385391,579.0,8597.0,0.37629593527754446,1.2250626314251165,0.0,39937.0,0.9408716598312479,0.0,0
1.769886924061134,0.17030073050385391,580.0,8597.0,0.3763023672255658,1.2250626314251167,0.0,39937.0,0.9408716598312479,0.0,0
1.7698932920070947,0.17030073050385391,581.0,8597.0,0.3763087351715267,1.2250626314251167,0.0,39937.0,0.9408716598312479,0.0,0
1.7698995965881217,0.17030073050385391,582.0,8597.0,0.37631503975255365,1.225062631425116,0.0,39937.0,0.9408716598312479,0.0,0
1.7699058384349746,0.17030073050385391,583.0,8597.0,0.3763212815994067,1.2250626314251172,0.0,39937.0,0.9408716598312479,0.0,0
1.7699120181721106,0.17030073050385391,584.0,8597.0,0.3763274613365427,1.2250626314251165,0.0,39937.0,0.9408716598312479,0.0,0
1.7699181364177512,0.17030073050385391,585.0,8597.0,0.37633357958218305,1.2250626314251167,0.0,39937.0,0.9408716598312479,0.0,0
1.7699241937839447,0.17030073050385391,586.0,8597.0,0.37633963694837697,1.2250626314251163,0.0,39937.0,0.9408716598312479,0.0,0
1.7699301908766318,0.17030073050385391,587.0,8597.0,0.376345634041064,1.2250626314251165,0.0,39937.0,0.9408716598312479,0.0,0
1.7699361282957065,0.17030073050385391,588.0,8597.0,0.3763515714601384,1.2250626314251163,0.0,39937.0,0.9408716598312479,0.0,0
1.7699420066350773,0.17030073050385391,589.0,8597.0,0.3763574497995093,1.225062631425117,0.0,39937.0,0.9408716598312479,0.0,0
1.7699478264827302,0.17030073050385391,590.0,8597.0,0.3763632696471622,1.225062631425116,0.0,39937.0,0.9408716598312479,0.0,0
1.7699535884207878,0.17030073050385391,591.0,8597.0,0.37636903158521984,1.2250626314251163,0.0,39937.0,0.9408716598312479,0.0,0
1.7699592930255694,0.17030073050385391,592.0,8597.0,0.3763747361900013,1.2250626314251165,0.0,39937.0,0.9408716598312479,0.0,0
1.7699649408676486,0.17030073050385391,593.0,8597.0,0.37638038403208035,1.225062631425117,0.0,39937.0,0.9408716598312479,0.0,0
1.7699705325119128,0.17030073050385391,594.0,8597.0,0.3763859756763447,1.2250626314251167,0.0,39937.0,0.9408716598312479,0.0,0
1.7699760685176205,0.17030073050385391,595.0,8597.0,0.3763915116820525,1.2250626314251163,0.0,39937.0,0.9408716598312479,0.0,0
1.7699815494384572,0.17030073050385391,596.0,8597.0,0.37639699260288945,1.225062631425116,0.0,39937.0,0.9408716598312479,0.0,0
1.7699869758225935,0.17030073050385391,597.0,8597.0,0.37640241898702537,1.225062631425116,0.0,39937.0,0.9408716598312479,0.0,0
1.7699923482127369,0.17030073050385391,598.0,8597.0,0.3764077913771692,1.2250626314251163,0.0,39937.0,0.9408716598312479,0.0,0
1.7699976671461919,0.17030073050385391,599.0,8597.0,0.3764131103106239,1.2250626314251165,0.0,39937.0,0.9408716598312479,0.0,0
1.7700029331549094,0.17030073050385391,600.0,8597.0,0.37641837631934155,1.2250626314251165,0.0,39937.0,0.9408716598312479,0.0,0
1.7700081467655444,0.17030073050385391,601.0,8597.0,0.37642358992997643,1.2250626314251165,0.0,39937.0,0.9408716598312479,0.0,0
1.770013308499506,0.17030073050385391,602.0,8597.0,0.37642875166393797,1.2250626314251167,0.0,39937.0,0.9408716598312479,0.0,0
1.7700184188730121,0.17030073050385391,603.0,8597.0,0.37643386203744406,1.2250626314251163,0.0,39937.0,0.9408716598312479,0.0,0
1.7700234783971402,0.17030073050385391,604.0,8597.0,0.37643892156157255,1.2250626314251163,0.0,39937.0,0.9408716598312479,0.0,0
1.770072808071739,0.1703450509977122,605.0,8598.0,0.3764439307423128,1.225062631425116,0.0,39937.0,0.9408716598312479,0.0,0
1.7700777674100432,0.1703450509977122,606.0,8598.0,0.3764488900806167,1.2250626314251172,0.0,39937.0,0.9408716598312479,0.0,0
1.7701269991733297,0.17038937276916635,607.0,8599.0,0.37645380007244916,1.225062631425117,0.0,39937.0,0.9408716598312479,0.0,0
1.7701318603097183,0.17038937276916635,608.0,8599.0,0.3764586612088376,1.2250626314251167,0.0,39937.0,0.9408716598312479,0.0,0
1.770136673076802,0.17038937276916635,609.0,8599.0,0.3764634739759219,1.2250626314251165,0.0,39937.0,0.9408716598312479,0.0,0
1.7701414379558826,0.17038937276916635,610.0,8599.0,0.3764682388550024,1.225062631425116,0.0,39937.0,0.9408716598312479,0.0,0
1.7701461554234696,0.17038937276916635,611.0,8599.0,0.37647295632258926,1.2250626314251165,0.0,39937.0,0.9408716598312479,0.0,0
1.7701508259513294,0.17038937276916635,612.0,8599.0,0.3764776268504492,1.2250626314251165,0.0,39937.0,0.9408716598312479,0.0,0
1.7701554500065342,0.17038937276916635,613.0,8599.0,0.37648225090565385,1.2250626314251163,0.0,39937.0,0.9408716598312479,0.0,0
1.7701600280515062,0.17038937276916635,614.0,8599.0,0.3764868289506258,1.225062631425116,0.0,39937.0,0.9408716598312479,0.0,0
1.7701645605440657,0.17038937276916635,615.0,8599.0,0.3764913614431855,1.225062631425116,0.0,39937.0,0.9408716598312479,0.0,0
1.7701690479374772,0.17038937276916635,616.0,8599.0,0.3764958488365967,1.2250626314251163,0.0,39937.0,0.9408716598312479,0.0,0
1.770173490680493,0.17038937276916635,617.0,8599.0,0.37650029157961257,1.2250626314251163,0.0,39937.0,0.9408716598312479,0.0,0
1.7701778892174003,0.17038937276916635,618.0,8599.0,0.37650469011651994,1.2250626314251158,0.0,39937.0,0.9408716598312479,0.0,0
1.7701822439880646,0.17038937276916635,619.0,8599.0,0.3765090448871843,1.2250626314251163,0.0,39937.0,0.9408716598312479,0.0,0
1.770193885822868,0.1703967031640605,620.0,8600.0,0.3765133563270936,1.2250626314251163,0.0,39937.0,0.9408716598312479,0.0,0
1.7701981543631764,0.1703967031640605,621.0,8600.0,0.3765176248674021,1.2250626314251158,0.0,39937.0,0.9408716598312479,0.0,0
1.7702023804307478,0.1703967031640605,622.0,8600.0,0.37652185093497326,1.2250626314251167,0.0,39937.0,0.9408716598312479,0.0,0
1.7702065644481972,0.1703967031640605,623.0,8600.0,0.37652603495242304,1.2250626314251158,0.0,39937.0,0.9408716598312479,0.0,0
1.7702550318620174,0.17044102819214182,624.0,8601.0,0.37653017733816135,1.2250626314251167,0.0,39937.0,0.9408716598312479,0.0,0
1.7702591330302908,0.17044102819214182,625.0,8601.0,0.3765342785064349,1.2250626314251167,0.0,39937.0,0.9408716598312479,0.0,0
1.7702631933912234,0.17044102819214182,626.0,8601.0,0.37653833886736765,1.225062631425116,0.0,39937.0,0.9408716598312479,0.0,0
1.7702672133508586,0.17044102819214182,627.0,8601.0,0.3765423588270027,1.2250626314251163,0.0,39937.0,0.9408716598312479,0.0,0
1.7702711933111988,0.17044102819214182,628.0,8601.0,0.376546338787343,1.2250626314251165,0.0,39937.0,0.9408716598312479,0.0,0
1.7702751336702465,0.17044102819214182,629.0,8601.0,0.37655027914639067,1.2250626314251167,0.0,39937.0,0.9408716598312479,0.0,0
1.7702790348220432,0.17044102819214182,630.0,8601.0,0.37655418029818744,1.225062631425117,0.0,39937.0,0.9408716598312479,0.0,0
1.7702828971567104,0.17044102819214182,631.0,8601.0,0.37655804263285436,1.2250626314251165,0.0,39937.0,0.9408716598312479,0.0,0
1.7702867210604858,0.17044102819214182,632.0,8601.0,0.3765618665366303,1.2250626314251158,0.0,39937.0,0.9408716598312479,0.0,0
1.7702905069157664,0.17044102819214182,633.0,8601.0,0.3765656523919107,1.2250626314251167,0.0,39937.0,0.9408716598312479,0.0,0
1.7702942551011422,0.17044102819214182,634.0,8601.0,0.3765694005772862,1.2250626314251165,0.0,39937.0,0.9408716598312479,0.0,0
1.7702979659914357,0.17044102819214182,635.0,8601.0,0.37657311146758005,1.2250626314251158,0.0,39937.0,0.9408716598312479,0.0,0
1.7703016399577416,0.17044102819214182,636.0,8601.0,0.3765767854338859,1.225062631425116,0.0,39937.0,0.9408716598312479,0.0,0
1.7703052773674606,0.17044102819214182,637.0,8601.0,0.37658042284360455,1.2250626314251167,0.0,39937.0,0.9408716598312479,0.0,0
1.7703714032883302,0.17050355289613514,638.0,8604.0,0.37658402406048136,1.2250626314251158,0.0,39937.0,0.9408716598312479,0.0,0
1.7703749686724914,0.17050355289613514,639.0,8604.0,0.3765875894446424,1.2250626314251163,0.0,39937.0,0.9408716598312479,0.0,0
1.7703784985804787,0.17050355289613514,640.0,8604.0,0.3765911193526296,1.2250626314251165,0.0,39937.0,0.9408716598312479,0.0,0
1.770381993365287,0.17050355289613514,641.0,8604.0,0.3765946141374376,1.2250626314251163,0.0,39937.0,0.9408716598312479,0.0,0
1.770385453376398,0.17050355289613514,642.0,8604.0,0.37659807414854907,1.2250626314251165,0.0,39937.0,0.9408716598312479,0.0,0
1.7703888789598172,0.17050355289613514,643.0,8604.0,0.3766014997319684,1.2250626314251163,0.0,39937.0,0.9408716598312479,0.0,0
1.7703922704581065,0.17050355289613514,644.0,8604.0,0.37660489123025737,1.2250626314251158,0.0,39937.0,0.9408716598312479,0.0,0
1.7703956282104183,0.17050355289613514,645.0,8604.0,0.37660824898256934,1.225062631425116,0.0,39937.0,0.9408716598312479,0.0,0
1.770398952552532,0.17050355289613514,646.0,8604.0,0.37661157332468315,1.2250626314251158,0.0,39937.0,0.9408716598312479,0.0,0
1.7704022438168852,0.17050355289613514,647.0,8604.0,0.37661486458903587,1.225062631425117,0.0,39937.0,0.9408716598312479,0.0,0
1.7704055023326062,0.17050355289613514,648.0,8604.0,0.3766181231047573,1.2250626314251165,0.0,39937.0,0.9408716598312479,0.0,0
1.7704087284255512,0.17050355289613514,649.0,8604.0,0.37662134919770185,1.2250626314251167,0.0,39937.0,0.9408716598312479,0.0,0
1.7704119224183315,0.17050355289613514,650.0,8604.0,0.37662454319048233,1.2250626314251163,0.0,39937.0,0.9408716598312479,0.0,0
1.7704150846303501,0.17050355289613514,651.0,8604.0,0.37662770540250107,1.225062631425116,0.0,39937.0,0.9408716598312479,0.0,0
1.7704182153778307,0.17050355289613514,652.0,8604.0,0.3766308361499816,1.2250626314251167,0.0,39937.0,0.9408716598312479,0.0,0
1.770421314973851,0.17050355289613514,653.0,8604.0,0.37663393574600196,1.2250626314251165,0.0,39937.0,0.9408716598312479,0.0,0
1.7704243837283737,0.17050355289613514,654.0,8604.0,0.37663700450052456,1.2250626314251163,0.0,39937.0,0.9408716598312479,0.0,0
1.7704274219482767,0.17050355289613514,655.0,8604.0,0.3766400427204274,1.2250626314251167,0.0,39937.0,0.9408716598312479,0.0,0
1.770430429937385,0.17050355289613514,656.0,8604.0,0.37664305070953563,1.2250626314251167,0.0,39937.0,0.9408716598312479,0.0,0
1.7704334079964994,0.17050355289613514,657.0,8604.0,0.37664602876865044,1.2250626314251163,0.0,39937.0,0.9408716598312479,0.0,0
1.77043635642343,0.17050355289613514,658.0,8604.0,0.37664897719558066,1.2250626314251167,0.0,39937.0,0.9408716598312479,0.0,0
1.7704392755130205,0.17050355289613514,659.0,8604.0,0.3766518962851714,1.2250626314251163,0.0,39937.0,0.9408716598312479,0.0,0
1.7704421655571836,0.17050355289613514,660.0,8604.0,0.37665478632933425,1.2250626314251163,0.0,39937.0,0.9408716598312479,0.0,0
1.7704450268449257,0.17050355289613514,661.0,8604.0,0.3766576476170763,1.2250626314251172,0.0,39937.0,0.9408716598312479,0.0,0
1.7704478596623778,0.17050355289613514,662.0,8604.0,0.37666048043452866,1.225062631425116,0.0,39937.0,0.9408716598312479,0.0,0
1.7704506642928248,0.17050355289613514,663.0,8604.0,0.37666328506497543,1.2250626314251165,0.0,39937.0,0.9408716598312479,0.0,0
1.7704534410167314,0.17050355289613514,664.0,8604.0,0.37666606178888223,1.2250626314251167,0.0,39937.0,0.9408716598312479,0.0,0
1.7704561901117728,0.17050355289613514,665.0,8604.0,0.3766688108839238,1.2250626314251163,0.0,39937.0,0.9408716598312479,0.0,0
1.770458911852861,0.17050355289613514,666.0,8604.0,0.37667153262501213,1.2250626314251165,0.0,39937.0,0.9408716598312479,0.0,0
1.7704616065121728,0.17050355289613514,667.0,8604.0,0.37667422728432337,1.2250626314251163,0.0,39937.0,0.9408716598312479,0.0,0
1.7704642743591752,0.17050355289613514,668.0,8604.0,0.3766768951313262,1.2250626314251167,0.0,39937.0,0.9408716598312479,0.0,0
1.7704669156606563,0.17050355289613514,669.0,8604.0,0.37667953643280727,1.225062631425116,0.0,39937.0,0.9408716598312479,0.0,0
1.770469530680748,0.17050355289613514,670.0,8604.0,0.37668215145289907,1.2250626314251163,0.0,39937.0,0.9408716598312479,0.0,0
1.770472119680955,0.17050355289613514,671.0,8604.0,0.3766847404531056,1.2250626314251167,0.0,39937.0,0.9408716598312479,0.0,0
1.7704746829201787,0.17050355289613514,672.0,8604.0,0.3766873036923296,1.2250626314251163,0.0,39937.0,0.9408716598312479,0.0,0
1.770477220654746,0.17050355289613514,673.0,8604.0,0.3766898414268969,1.2250626314251172,0.0,39937.0,0.9408716598312479,0.0,0
1.7704797331384319,0.17050355289613514,674.0,8604.0,0.376692353910583,1.2250626314251165,0.0,39937.0,0.9408716598312479,0.0,0
1.7704822206224875,0.17050355289613514,675.0,8604.0,0.37669484139463827,1.2250626314251167,0.0,39937.0,0.9408716598312479,0.0,0
1.7704846833556627,0.17050355289613514,676.0,8604.0,0.3766973041278135,1.2250626314251163,0.0,39937.0,0.9408716598312479,0.0,0
1.7704871215842333,0.17050355289613514,677.0,8604.0,0.37669974235638404,1.2250626314251163,0.0,39937.0,0.9408716598312479,0.0,0
1.7704895355520238,0.17050355289613514,678.0,8604.0,0.37670215632417475,1.2250626314251163,0.0,39937.0,0.9408716598312479,0.0,0
1.7704919255004337,0.17050355289613514,679.0,8604.0,0.3767045462725845,1.2250626314251167,0.0,39937.0,0.9408716598312479,0.0,0
1.7704942916684592,0.17050355289613514,680.0,8604.0,0.37670691244061005,1.2250626314251167,0.0,39937.0,0.9408716598312479,0.0,0
1.7704966342927193,0.17050355289613514,681.0,8604.0,0.37670925506487013,1.2250626314251167,0.0,39937.0,0.9408716598312479,0.0,0
1.7704989536074782,0.17050355289613514,682.0,8604.0,0.37671157437962927,1.225062631425116,0.0,39937.0,0.9408716598312479,0.0,0
1.7705012498446702,0.17050355289613514,683.0,8604.0,0.376713870616821,1.225062631425116,0.0,39937.0,0.9408716598312479,0.0,0
1.77050352323392,0.17050355289613514,684.0,8604.0,0.3767161440060708,1.2250626314251167,0.0,39937.0,0.9408716598312479,0.0,0
1.7705057740025687,0.17050355289613514,685.0,8604.0,0.37671839477471925,1.2250626314251167,0.0,39937.0,0.9408716598312479,0.0,0
1.7705080023756947,0.17050355289613514,686.0,8604.0,0.37672062314784566,1.2250626314251165,0.0,39937.0,0.9408716598312479,0.0,0
1.7705102085761382,0.17050355289613514,687.0,8604.0,0.3767228293482887,1.225062631425117,0.0,39937.0,0.9408716598312479,0.0,0
1.77051239282452,0.17050355289613514,688.0,8604.0,0.37672501359667065,1.2250626314251172,0.0,39937.0,0.9408716598312479,0.0,0
1.7705145553392674,0.17050355289613514,689.0,8604.0,0.376727176111418,1.2250626314251167,0.0,39937.0,0.9408716598312479,0.0,0
1.770516696336633,0.17050355289613514,690.0,8604.0,0.37672931710878393,1.2250626314251167,0.0,39937.0,0.9408716598312479,0.0,0
1.7705188160307193,0.17050355289613514,691.0,8604.0,0.37673143680286997,1.2250626314251158,0.0,39937.0,0.9408716598312479,0.0,0
1.7705209146334968,0.17050355289613514,692.0,8604.0,0.3767335354056477,1.225062631425117,0.0,39937.0,0.9408716598312479,0.0,0
1.7705229923548278,0.17050355289613514,693.0,8604.0,0.3767356131269786,1.225062631425116,0.0,39937.0,0.9408716598312479,0.0,0
1.7705250494024862,0.17050355289613514,694.0,8604.0,0.37673767017463694,1.2250626314251163,0.0,39937.0,0.9408716598312479,0.0,0
1.7705270859821782,0.17050355289613514,695.0,8604.0,0.3767397067543291,1.225062631425116,0.0,39937.0,0.9408716598312479,0.0,0
1.7705291022975636,0.17050355289613514,696.0,8604.0,0.37674172306971465,1.2250626314251165,0.0,39937.0,0.9408716598312479,0.0,0
1.7705310985502758,0.17050355289613514,697.0,8604.0,0.37674371932242673,1.2250626314251165,0.0,39937.0,0.9408716598312479,0.0,0
1.7705330749399417,0.17050355289613514,698.0,8604.0,0.37674569571209254,1.2250626314251167,0.0,39937.0,0.9408716598312479,0.0,0
1.7705350316642017,0.17050355289613514,699.0,8604.0,0.3767476524363526,1.2250626314251158,0.0,39937.0,0.9408716598312479,0.0,0
1.77053696891873,0.17050355289613514,700.0,8604.0,0.37674958969088096,1.2250626314251163,0.0,39937.0,0.9408716598312479,0.0,0
1.770538886897254,0.17050355289613514,701.0,8604.0,0.3767515076694047,1.2250626314251163,0.0,39937.0,0.9408716598312479,0.0,0
1.7705407857915723,0.17050355289613514,702.0,8604.0,0.3767534065637231,1.225062631425116,0.0,39937.0,0.9408716598312479,0.0,0
1.7705426657915768,0.17050355289613514,703.0,8604.0,0.3767552865637275,1.2250626314251167,0.0,39937.0,0.9408716598312479,0.0,0
1.7705445270852684,0.17050355289613514,704.0,8604.0,0.3767571478574191,1.225062631425117,0.0,39937.0,0.9408716598312479,0.0,0
1.7705463698587782,0.17050355289613514,705.0,8604.0,0.3767589906309291,1.2250626314251167,0.0,39937.0,0.9408716598312479,0.0,0
1.7705481942963854,0.17050355289613514,706.0,8604.0,0.3767608150685363,1.2250626314251167,0.0,39937.0,0.9408716598312479,0.0,0
1.7705500005805352,0.17050355289613514,707.0,8604.0,0.376762621352686,1.2250626314251167,0.0,39937.0,0.9408716598312479,0.0,0
1.7705517888918574,0.17050355289613514,708.0,8604.0,0.37676440966400815,1.2250626314251163,0.0,39937.0,0.9408716598312479,0.0,0
1.7705535594091844,0.17050355289613514,709.0,8604.0,0.37676618018133534,1.2250626314251163,0.0,39937.0,0.9408716598312479,0.0,0
1.7705553123095696,0.17050355289613514,710.0,8604.0,0.3767679330817206,1.2250626314251163,0.0,39937.0,0.9408716598312479,0.0,0
1.770557047768305,0.17050355289613514,711.0,8604.0,0.37676966854045574,1.225062631425117,0.0,39937.0,0.9408716598312479,0.0,0
1.770558765958937,0.17050355289613514,712.0,8604.0,0.3767713867310879,1.2250626314251158,0.0,39937.0,0.9408716598312479,0.0,0
1.7705604670532866,0.17050355289613514,713.0,8604.0,0.3767730878254375,1.2250626314251165,0.0,39937.0,0.9408716598312479,0.0,0
1.7705621512214647,0.17050355289613514,714.0,8604.0,0.37677477199361575,1.2250626314251165,0.0,39937.0,0.9408716598312479,0.0,0
1.7705638186318895,0.17050355289613514,715.0,8604.0,0.3767764394040404,1.2250626314251165,0.0,39937.0,0.9408716598312479,0.0,0
1.7705654694513036,0.17050355289613514,716.0,8604.0,0.3767780902234543,1.2250626314251167,0.0,39937.0,0.9408716598312479,0.0,0
1.7705671038447894,0.17050355289613514,717.0,8604.0,0.3767797246169404,1.225062631425116,0.0,39937.0,0.9408716598312479,0.0,0
1.7705687219757886,0.17050355289613514,718.0,8604.0,0.37678134274793973,1.2250626314251165,0.0,39937.0,0.9408716598312479,0.0,0
1.7705703240061157,0.17050355289613514,719.0,8604.0,0.3767829447782665,1.2250626314251163,0.0,39937.0,0.9408716598312479,0.0,0
1.7705719100959745,0.17050355289613514,720.0,8604.0,0.37678453086812524,1.2250626314251163,0.0,39937.0,0.9408716598312479,0.0,0
1.7705734804039752,0.17050355289613514,721.0,8604.0,0.3767861011761261,1.225062631425116,0.0,39937.0,0.9408716598312479,0.0,0
1.7705750350871505,0.17050355289613514,722.0,8604.0,0.3767876558593014,1.2250626314251163,0.0,39937.0,0.9408716598312479,0.0,0
1.7705765743009698,0.17050355289613514,723.0,8604.0,0.3767891950731208,1.2250626314251163,0.0,39937.0,0.9408716598312479,0.0,0
1.7705780981993555,0.17050355289613514,724.0,8604.0,0.37679071897150646,1.225062631425116,0.0,39937.0,0.9408716598312479,0.0,0
1.770579606934699,0.17050355289613514,725.0,8604.0,0.3767922277068499,1.2250626314251163,0.0,39937.0,0.9408716598312479,0.0,0
1.770581100657875,0.17050355289613514,726.0,8604.0,0.37679372143002604,1.225062631425116,0.0,39937.0,0.9408716598312479,0.0,0
1.770582579518257,0.17050355289613514,727.0,8604.0,0.3767952002904081,1.2250626314251163,0.0,39937.0,0.9408716598312479,0.0,0
1.7705840436637328,0.17050355289613514,728.0,8604.0,0.3767966644358835,1.2250626314251167,0.0,39937.0,0.9408716598312479,0.0,0
1.7705854932407172,0.17050355289613514,729.0,8604.0,0.37679811401286806,1.2250626314251163,0.0,39937.0,0.9408716598312479,0.0,0
1.77058692839417,0.17050355289613514,730.0,8604.0,0.3767995491663206,1.2250626314251167,0.0,39937.0,0.9408716598312479,0.0,0
1.7705883492676067,0.17050355289613514,731.0,8604.0,0.37680097003975765,1.2250626314251165,0.0,39937.0,0.9408716598312479,0.0,0
1.770589756003117,0.17050355289613514,732.0,8604.0,0.37680237677526784,1.2250626314251167,0.0,39937.0,0.9408716598312479,0.0,0
1.770591148741375,0.17050355289613514,733.0,8604.0,0.37680376951352573,1.2250626314251165,0.0,39937.0,0.9408716598312479,0.0,0
1.7705925276216554,0.17050355289613514,734.0,8604.0,0.37680514839380647,1.225062631425116,0.0,39937.0,0.9408716598312479,0.0,0
1.7705938927818485,0.17050355289613514,735.0,8604.0,0.3768065135539993,1.2250626314251167,0.0,39937.0,0.9408716598312479,0.0,0
1.77059524435847,0.17050355289613514,736.0,8604.0,0.37680786513062114,1.2250626314251163,0.0,39937.0,0.9408716598312479,0.0,0
1.77059658248668,0.17050355289613514,737.0,8604.0,0.3768092032588307,1.225062631425117,0.0,39937.0,0.9408716598312479,0.0,0
1.7705979073002915,0.17050355289613514,738.0,8604.0,0.3768105280724425,1.2250626314251167,0.0,39937.0,0.9408716598312479,0.0,0
1.7705992189317874,0.17050355289613514,739.0,8604.0,0.3768118397039384,1.225062631425116,0.0,39937.0,0.9408716598312479,0.0,0
1.770600517512332,0.17050355289613514,740.0,8604.0,0.3768131382844827,1.225062631425117,0.0,39937.0,0.9408716598312479,0.0,0
1.7706018031717838,0.17050355289613514,741.0,8604.0,0.37681442394393494,1.2250626314251163,0.0,39937.0,0.9408716598312479,0.0,0
1.770603076038711,0.17050355289613514,742.0,8604.0,0.3768156968108618,1.2250626314251167,0.0,39937.0,0.9408716598312479,0.0,0
1.7706043362404,0.17050355289613514,743.0,8604.0,0.37681695701255097,1.225062631425116,0.0,39937.0,0.9408716598312479,0.0,0
1.7706055839028731,0.17050355289613514,744.0,8604.0,0.3768182046750241,1.2250626314251167,0.0,39937.0,0.9408716598312479,0.0,0
1.7706068191508972,0.17050355289613514,745.0,8604.0,0.3768194399230481,1.2250626314251163,0.0,39937.0,0.9408716598312479,0.0,0
1.770608042107998,0.17050355289613514,746.0,8604.0,0.3768206628801489,1.2250626314251165,0.0,39937.0,0.9408716598312479,0.0,0
1.7706092528964725,0.17050355289613514,747.0,8604.0,0.37682187366862313,1.2250626314251165,0.0,39937.0,0.9408716598312479,0.0,0
1.7706104516374,0.17050355289613514,748.0,8604.0,0.37682307240955093,1.2250626314251165,0.0,39937.0,0.9408716598312479,0.0,0
1.770611638450656,0.17050355289613514,749.0,8604.0,0.37682425922280705,1.2250626314251165,0.0,39937.0,0.9408716598312479,0.0,0
1.7706128134549233,0.17050355289613514,750.0,8604.0,0.37682543422707393,1.2250626314251165,0.0,39937.0,0.9408716598312479,0.0,0
1.7706139767677025,0.17050355289613514,751.0,8604.0,0.37682659753985315,1.2250626314251163,0.0,39937.0,0.9408716598312479,0.0,0
1.770615128505326,0.17050355289613514,752.0,8604.0,0.3768277492774767,1.225062631425117,0.0,39937.0,0.9408716598312479,0.0,0
1.7706162687829687,0.17050355289613514,753.0,8604.0,0.3768288895551196,1.225062631425116,0.0,39937.0,0.9408716598312479,0.0,0
1.770617397714659,0.17050355289613514,754.0,8604.0,0.37683001848681014,1.225062631425116,0.0,39937.0,0.9408716598312479,0.0,0
1.7706185154132918,0.17050355289613514,755.0,8604.0,0.3768311361854428,1.225062631425116,0.0,39937.0,0.9408716598312479,0.0,0
1.7706196219906376,0.17050355289613514,756.0,8604.0,0.3768322427627883,1.2250626314251163,0.0,39937.0,0.9408716598312479,0.0,0
1.7706207175573543,0.17050355289613514,757.0,8604.0,0.37683333832950516,1.2250626314251165,0.0,39937.0,0.9408716598312479,0.0,0
1.7706218022230005,0.17050355289613514,758.0,8604.0,0.3768344229951511,1.2250626314251167,0.0,39937.0,0.9408716598312479,0.0,0
1.7706228760960427,0.17050355289613514,759.0,8604.0,0.37683549686819345,1.2250626314251167,0.0,39937.0,0.9408716598312479,0.0,0
1.7706239392838699,0.17050355289613514,760.0,8604.0,0.3768365600560205,1.2250626314251165,0.0,39937.0,0.9408716598312479,0.0,0
1.770624991892801,0.17050355289613514,761.0,8604.0,0.37683761266495197,1.225062631425116,0.0,39937.0,0.9408716598312479,0.0,0
1.7706260340280986,0.17050355289613514,762.0,8604.0,0.3768386548002494,1.2250626314251163,0.0,39937.0,0.9408716598312479,0.0,0
1.770627065793977,0.17050355289613514,763.0,8604.0,0.3768396865661277,1.2250626314251167,0.0,39937.0,0.9408716598312479,0.0,0
1.7706280872936129,0.17050355289613514,764.0,8604.0,0.3768407080657639,1.225062631425116,0.0,39937.0,0.9408716598312479,0.0,0
1.770629098629158,0.17050355289613514,765.0,8604.0,0.3768417194013087,1.2250626314251163,0.0,39937.0,0.9408716598312479,0.0,0
1.770630099901746,0.17050355289613514,766.0,8604.0,0.3768427206738969,1.225062631425116,0.0,39937.0,0.9408716598312479,0.0,0
1.7706310912115055,0.17050355289613514,767.0,8604.0,0.3768437119836562,1.2250626314251167,0.0,39937.0,0.9408716598312479,0.0,0
1.770632072657568,0.17050355289613514,768.0,8604.0,0.37684469342971866,1.2250626314251167,0.0,39937.0,0.9408716598312479,0.0,0
1.7706330443380787,0.17050355289613514,769.0,8604.0,0.3768456651102296,1.2250626314251167,0.0,39937.0,0.9408716598312479,0.0,0
1.770634006350207,0.17050355289613514,770.0,8604.0,0.37684662712235806,1.2250626314251163,0.0,39937.0,0.9408716598312479,0.0,0
1.7706349587901549,0.17050355289613514,771.0,8604.0,0.37684757956230586,1.2250626314251167,0.0,39937.0,0.9408716598312479,0.0,0
1.7706359017531672,0.17050355289613514,772.0,8604.0,0.3768485225253177,1.2250626314251165,0.0,39937.0,0.9408716598312479,0.0,0
1.77063683533354,0.17050355289613514,773.0,8604.0,0.3768494561056909,1.225062631425116,0.0,39937.0,0.9408716598312479,0.0,0
1.7706377596246334,0.17050355289613514,774.0,8604.0,0.37685038039678415,1.225062631425117,0.0,39937.0,0.9408716598312479,0.0,0
1.7706386747188767,0.17050355289613514,775.0,8604.0,0.3768512954910273,1.2250626314251167,0.0,39937.0,0.9408716598312479,0.0,0
1.77063958070778,0.17050355289613514,776.0,8604.0,0.3768522014799307,1.225062631425117,0.0,39937.0,0.9408716598312479,0.0,0
1.770640477681943,0.17050355289613514,777.0,8604.0,0.3768530984540939,1.2250626314251163,0.0,39937.0,0.9408716598312479,0.0,0
1.7706413657310642,0.17050355289613514,778.0,8604.0,0.37685398650321494,1.2250626314251167,0.0,39937.0,0.9408716598312479,0.0,0
1.770642244943949,0.17050355289613514,779.0,8604.0,0.37685486571609966,1.2250626314251167,0.0,39937.0,0.9408716598312479,0.0,0
1.7706431154085194,0.17050355289613514,780.0,8604.0,0.3768557361806702,1.2250626314251163,0.0,39937.0,0.9408716598312479,0.0,0
1.7706439772118223,0.17050355289613514,781.0,8604.0,0.37685659798397325,1.2250626314251167,0.0,39937.0,0.9408716598312479,0.0,0
1.7706448304400395,0.17050355289613514,782.0,8604.0,0.37685745121219016,1.225062631425117,0.0,39937.0,0.9408716598312479,0.0,0
1.7706456751784938,0.17050355289613514,783.0,8604.0,0.3768582959506445,1.2250626314251163,0.0,39937.0,0.9408716598312479,0.0,0
1.77064651151166,0.17050355289613514,784.0,8604.0,0.376859132283811,1.2250626314251165,0.0,39937.0,0.9408716598312479,0.0,0
1.770647339523172,0.17050355289613514,785.0,8604.0,0.3768599602953232,1.2250626314251158,0.0,39937.0,0.9408716598312479,0.0,0
1.7706481592958323,0.17050355289613514,786.0,8604.0,0.37686078006798324,1.2250626314251167,0.0,39937.0,0.9408716598312479,0.0,0
1.770648970911618,0.17050355289613514,787.0,8604.0,0.37686159168376915,1.2250626314251163,0.0,39937.0,0.9408716598312479,0.0,0
1.7706497744516922,0.17050355289613514,788.0,8604.0,0.37686239522384296,1.225062631425117,0.0,39937.0,0.9408716598312479,0.0,0
1.7706505699964084,0.17050355289613514,789.0,8604.0,0.37686319076855945,1.2250626314251163,0.0,39937.0,0.9408716598312479,0.0,0
1.7706513576253229,0.17050355289613514,790.0,8604.0,0.3768639783974739,1.2250626314251163,0.0,39937.0,0.9408716598312479,0.0,0
1.7706521374171984,0.17050355289613514,791.0,8604.0,0.3768647581893494,1.2250626314251163,0.0,39937.0,0.9408716598312479,0.0,0
1.7706529094500154,0.17050355289613514,792.0,8604.0,0.37686553022216646,1.225062631425116,0.0,39937.0,0.9408716598312479,0.0,0
1.7706536738009775,0.17050355289613514,793.0,8604.0,0.3768662945731285,1.2250626314251163,0.0,39937.0,0.9408716598312479,0.0,0
1.7706544305465204,0.17050355289613514,794.0,8604.0,0.3768670513186713,1.2250626314251165,0.0,39937.0,0.9408716598312479,0.0,0
1.7706551797623193,0.17050355289613514,795.0,8604.0,0.37686780053447017,1.2250626314251163,0.0,39937.0,0.9408716598312479,0.0,0
1.7706559215232962,0.17050355289613514,796.0,8604.0,0.3768685422954472,1.225062631425116,0.0,39937.0,0.9408716598312479,0.0,0
1.7706566559036283,0.17050355289613514,797.0,8604.0,0.3768692766757793,1.2250626314251163,0.0,39937.0,0.9408716598312479,0.0,0
1.7706573829767542,0.17050355289613514,798.0,8604.0,0.37687000374890506,1.2250626314251165,0.0,39937.0,0.9408716598312479,0.0,0
1.7706581028153812,0.17050355289613514,799.0,8604.0,0.3768707235875321,1.2250626314251163,0.0,39937.0,0.9408716598312479,0.0,0
1.7706588154914946,0.17050355289613514,800.0,8604.0,0.3768714362636454,1.225062631425117,0.0,39937.0,0.9408716598312479,0.0,0
1.770659521076362,0.17050355289613514,801.0,8604.0,0.3768721418485128,1.2250626314251163,0.0,39937.0,0.9408716598312479,0.0,0
1.7706602196405425,0.17050355289613514,802.0,8604.0,0.3768728404126935,1.2250626314251163,0.0,39937.0,0.9408716598312479,0.0,0
1.7706609112538936,0.17050355289613514,803.0,8604.0,0.37687353202604446,1.2250626314251163,0.0,39937.0,0.9408716598312479,0.0,0
1.7706615959855767,0.17050355289613514,804.0,8604.0,0.37687421675772753,1.2250626314251163,0.0,39937.0,0.9408716598312479,0.0,0
1.7706622739040658,0.17050355289613514,805.0,8604.0,0.3768748946762165,1.2250626314251167,0.0,39937.0,0.9408716598312479,0.0,0
1.7706629450771532,0.17050355289613514,806.0,8604.0,0.3768755658493039,1.2250626314251165,0.0,39937.0,0.9408716598312479,0.0,0
1.7706636095719563,0.17050355289613514,807.0,8604.0,0.37687623034410733,1.2250626314251165,0.0,39937.0,0.9408716598312479,0.0,0
1.7706642674549262,0.17050355289613514,808.0,8604.0,0.3768768882270772,1.2250626314251163,0.0,39937.0,0.9408716598312479,0.0,0
1.7706649187918513,0.17050355289613514,809.0,8604.0,0.37687753956400205,1.2250626314251165,0.0,39937.0,0.9408716598312479,0.0,0
1.7706655636478654,0.17050355289613514,810.0,8604.0,0.37687818442001636,1.2250626314251167,0.0,39937.0,0.9408716598312479,0.0,0
1.7706662020874548,0.17050355289613514,811.0,8604.0,0.3768788228596059,1.225062631425116,0.0,39937.0,0.9408716598312479,0.0,0
1.7706668341744645,0.17050355289613514,812.0,8604.0,0.3768794549466154,1.2250626314251165,0.0,39937.0,0.9408716598312479,0.0,0
1.7706674599721033,0.17050355289613514,813.0,8604.0,0.37688008074425416,1.2250626314251167,0.0,39937.0,0.9408716598312479,0.0,0
1.7706680795429515,0.17050355289613514,814.0,8604.0,0.3768807003151023,1.2250626314251165,0.0,39937.0,0.9408716598312479,0.0,0
1.7706686929489668,0.17050355289613514,815.0,8604.0,0.37688131372111755,1.225062631425117,0.0,39937.0,0.9408716598312479,0.0,0
1.7706693002514902,0.17050355289613514,816.0,8604.0,0.376881921023641,1.225062631425116,0.0,39937.0,0.9408716598312479,0.0,0
1.7706699015112524,0.17050355289613514,817.0,8604.0,0.37688252228340335,1.2250626314251167,0.0,39937.0,0.9408716598312479,0.0,0
1.7706704967883804,0.17050355289613514,818.0,8604.0,0.37688311756053106,1.2250626314251163,0.0,39937.0,0.9408716598312479,0.0,0
1.7706710861424013,0.17050355289613514,819.0,8604.0,0.3768837069145524,1.2250626314251163,0.0,39937.0,0.9408716598312479,0.0,0
1.7706716696322526,0.17050355289613514,820.0,8604.0,0.37688429040440335,1.2250626314251163,0.0,39937.0,0.9408716598312479,0.0,0
1.7706722473162821,0.17050355289613514,821.0,8604.0,0.37688486808843313,1.2250626314251163,0.0,39937.0,0.9408716598312479,0.0,0
1.7706728192522603,0.17050355289613514,822.0,8604.0,0.3768854400244109,1.2250626314251165,0.0,39937.0,0.9408716598312479,0.0,0
1.7706733854973797,0.17050355289613514,823.0,8604.0,0.3768860062695305,1.2250626314251165,0.0,39937.0,0.9408716598312479,0.0,0
1.7706739461082661,0.17050355289613514,824.0,8604.0,0.37688656688041716,1.2250626314251165,0.0,39937.0,0.9408716598312479,0.0,0
1.7706745011409815,0.17050355289613514,825.0,8604.0,0.3768871219131322,1.2250626314251167,0.0,39937.0,0.9408716598312479,0.0,0
1.7706750506510285,0.17050355289613514,826.0,8604.0,0.37688767142317925,1.2250626314251167,0.0,39937.0,0.9408716598312479,0.0,0
1.7706755946933594,0.17050355289613514,827.0,8604.0,0.3768882154655102,1.2250626314251163,0.0,39937.0,0.9408716598312479,0.0,0
1.7706761333223786,0.17050355289613514,828.0,8604.0,0.3768887540945296,1.2250626314251167,0.0,39937.0,0.9408716598312479,0.0,0
1.7706766665919498,0.17050355289613514,829.0,8604.0,0.37688928736410054,1.225062631425116,0.0,39937.0,0.9408716598312479,0.0,0
1.7706771945553998,0.17050355289613514,830.0,8604.0,0.37688981532755056,1.2250626314251167,0.0,39937.0,0.9408716598312479,0.0,0
1.7706777172655261,0.17050355289613514,831.0,8604.0,0.37689033803767674,1.2250626314251167,0.0,39937.0,0.9408716598312479,0.0,0
1.7706782347745993,0.17050355289613514,832.0,8604.0,0.3768908555467501,1.2250626314251167,0.0,39937.0,0.9408716598312479,0.0,0
1.7706787471343712,0.17050355289613514,833.0,8604.0,0.37689136790652206,1.2250626314251167,0.0,39937.0,0.9408716598312479,0.0,0
1.7706792543960783,0.17050355289613514,834.0,8604.0,0.3768918751682292,1.2250626314251165,0.0,39937.0,0.9408716598312479,0.0,0
1.770679756610447,0.17050355289613514,835.0,8604.0,0.3768923773825979,1.2250626314251165,0.0,39937.0,0.9408716598312479,0.0,0
1.7706802538276991,0.17050355289613514,836.0,8604.0,0.37689287459985027,1.225062631425116,0.0,39937.0,0.9408716598312479,0.0,0
1.7706807460975575,0.17050355289613514,837.0,8604.0,0.3768933668697083,1.2250626314251163,0.0,39937.0,0.9408716598312479,0.0,0
1.7706812334692485,0.17050355289613514,838.0,8604.0,0.37689385424139943,1.2250626314251167,0.0,39937.0,0.9408716598312479,0.0,0
1.7706817159915103,0.17050355289613514,839.0,8604.0,0.3768943367636611,1.2250626314251167,0.0,39937.0,0.9408716598312479,0.0,0
1.7706821937125952,0.17050355289613514,840.0,8604.0,0.37689481448474615,1.2250626314251163,0.0,39937.0,0.9408716598312479,0.0,0
1.7706826666802762,0.17050355289613514,841.0,8604.0,0.376895287452427,1.2250626314251165,0.0,39937.0,0.9408716598312479,0.0,0
1.77068313494185,0.17050355289613514,842.0,8604.0,0.3768957557140008,1.2250626314251163,0.0,39937.0,0.9408716598312479,0.0,0
1.7706835985441431,0.17050355289613514,843.0,8604.0,0.37689621931629397,1.2250626314251167,0.0,39937.0,0.9408716598312479,0.0,0
1.7706840575335163,0.17050355289613514,844.0,8604.0,0.37689667830566737,1.2250626314251165,0.0,39937.0,0.9408716598312479,0.0,0
1.7706845119558694,0.17050355289613514,845.0,8604.0,0.37689713272801995,1.2250626314251167,0.0,39937.0,0.9408716598312479,0.0,0
1.7706849618566443,0.17050355289613514,846.0,8604.0,0.37689758262879486,1.225062631425117,0.0,39937.0,0.9408716598312479,0.0,0
1.7706854072808311,0.17050355289613514,847.0,8604.0,0.3768980280529823,1.225062631425116,0.0,39937.0,0.9408716598312479,0.0,0
1.770685848272974,0.17050355289613514,848.0,8604.0,0.37689846904512475,1.2250626314251163,0.0,39937.0,0.9408716598312479,0.0,0
1.7706862848771714,0.17050355289613514,849.0,8604.0,0.37689890564932227,1.2250626314251163,0.0,39937.0,0.9408716598312479,0.0,0
1.7706867171370844,0.17050355289613514,850.0,8604.0,0.37689933790923524,1.225062631425116,0.0,39937.0,0.9408716598312479,0.0,0
1.7706871450959394,0.17050355289613514,851.0,8604.0,0.3768997658680904,1.225062631425116,0.0,39937.0,0.9408716598312479,0.0,0
1.7706875687965327,0.17050355289613514,852.0,8604.0,0.3769001895686837,1.2250626314251165,0.0,39937.0,0.9408716598312479,0.0,0
1.7706879882812347,0.17050355289613514,853.0,8604.0,0.3769006090533856,1.2250626314251165,0.0,39937.0,0.9408716598312479,0.0,0
1.7706884035919943,0.17050355289613514,854.0,8604.0,0.3769010243641452,1.225062631425116,0.0,39937.0,0.9408716598312479,0.0,0
1.7706888147703426,0.17050355289613514,855.0,8604.0,0.37690143554249356,1.2250626314251163,0.0,39937.0,0.9408716598312479,0.0,0
1.7706892218573984,0.17050355289613514,856.0,8604.0,0.3769018426295491,1.2250626314251167,0.0,39937.0,0.9408716598312479,0.0,0
1.7706896248938697,0.17050355289613514,857.0,8604.0,0.37690224566602065,1.225062631425116,0.0,39937.0,0.9408716598312479,0.0,0
1.7706900239200614,0.17050355289613514,858.0,8604.0,0.3769026446922122,1.2250626314251167,0.0,39937.0,0.9408716598312479,0.0,0
1.770690418975876,0.17050355289613514,859.0,8604.0,0.37690303974802714,1.2250626314251163,0.0,39937.0,0.9408716598312479,0.0,0
1.7706908101008196,0.17050355289613514,860.0,8604.0,0.3769034308729707,1.225062631425116,0.0,39937.0,0.9408716598312479,0.0,0
1.7706911973340054,0.17050355289613514,861.0,8604.0,0.37690381810615614,1.2250626314251163,0.0,39937.0,0.9408716598312479,0.0,0
1.770691580714156,0.17050355289613514,862.0,8604.0,0.376904201486307,1.2250626314251158,0.0,39937.0,0.9408716598312479,0.0,0
1.770691960279611,0.17050355289613514,863.0,8604.0,0.3769045810517618,1.2250626314251163,0.0,39937.0,0.9408716598312479,0.0,0
1.7706923360683264,0.17050355289613514,864.0,8604.0,0.37690495684047715,1.2250626314251163,0.0,39937.0,0.9408716598312479,0.0,0
1.7706927081178814,0.17050355289613514,865.0,8604.0,0.37690532889003225,1.2250626314251163,0.0,39937.0,0.9408716598312479,0.0,0
1.7706930764654814,0.17050355289613514,866.0,8604.0,0.3769056972376323,1.2250626314251158,0.0,39937.0,0.9408716598312479,0.0,0
1.7706934411479618,0.17050355289613514,867.0,8604.0,0.37690606192011267,1.2250626314251165,0.0,39937.0,0.9408716598312479,0.0,0
1.7706938022017908,0.17050355289613514,868.0,8604.0,0.3769064229739418,1.2250626314251167,0.0,39937.0,0.9408716598312479,0.0,0
1.770694159663074,0.17050355289613514,869.0,8604.0,0.3769067804352251,1.2250626314251163,0.0,39937.0,0.9408716598312479,0.0,0
1.770694513567558,0.17050355289613514,870.0,8604.0,0.3769071343397091,1.225062631425116,0.0,39937.0,0.9408716598312479,0.0,0
1.7706948639506341,0.17050355289613514,871.0,8604.0,0.3769074847227849,1.2250626314251165,0.0,39937.0,0.9408716598312479,0.0,0
1.77069521084734,0.17050355289613514,872.0,8604.0,0.3769078316194909,1.225062631425116,0.0,39937.0,0.9408716598312479,0.0,0
1.770695554292366,0.17050355289613514,873.0,8604.0,0.3769081750645168,1.2250626314251163,0.0,39937.0,0.9408716598312479,0.0,0
1.7706958943200566,0.17050355289613514,874.0,8604.0,0.3769085150922077,1.2250626314251158,0.0,39937.0,0.9408716598312479,0.0,0
1.7706962309644156,0.17050355289613514,875.0,8604.0,0.3769088517365664,1.225062631425116,0.0,39937.0,0.9408716598312479,0.0,0
1.770696564259107,0.17050355289613514,876.0,8604.0,0.376909185031258,1.2250626314251163,0.0,39937.0,0.9408716598312479,0.0,0
1.770696894237461,0.17050355289613514,877.0,8604.0,0.3769095150096118,1.2250626314251163,0.0,39937.0,0.9408716598312479,0.0,0
1.7706972209324754,0.17050355289613514,878.0,8604.0,0.3769098417046262,1.2250626314251163,0.0,39937.0,0.9408716598312479,0.0,0
1.7706975443768198,0.17050355289613514,879.0,8604.0,0.37691016514897097,1.2250626314251163,0.0,39937.0,0.9408716598312479,0.0,0
1.77069786460284,0.17050355289613514,880.0,8604.0,0.3769104853749907,1.2250626314251163,0.0,39937.0,0.9408716598312479,0.0,0
1.7706981816425573,0.17050355289613514,881.0,8604.0,0.3769108024147082,1.225062631425116,0.0,39937.0,0.9408716598312479,0.0,0
1.770698495527677,0.17050355289613514,882.0,8604.0,0.3769111162998279,1.2250626314251165,0.0,39937.0,0.9408716598312479,0.0,0
1.7706988062895876,0.17050355289613514,883.0,8604.0,0.3769114270617385,1.2250626314251163,0.0,39937.0,0.9408716598312479,0.0,0
1.7706991139593653,0.17050355289613514,884.0,8604.0,0.3769117347315163,1.225062631425116,0.0,39937.0,0.9408716598312479,0.0,0
1.770699418567778,0.17050355289613514,885.0,8604.0,0.37691203933992884,1.2250626314251163,0.0,39937.0,0.9408716598312479,0.0,0
1.7706997201452859,0.17050355289613514,886.0,8604.0,0.37691234091743686,1.2250626314251163,0.0,39937.0,0.9408716598312479,0.0,0
1.7707000187220479,0.17050355289613514,887.0,8604.0,0.37691263949419873,1.2250626314251163,0.0,39937.0,0.9408716598312479,0.0,0
1.7707003143279212,0.17050355289613514,888.0,8604.0,0.37691293510007196,1.225062631425116,0.0,39937.0,0.9408716598312479,0.0,0
1.7707006069924665,0.17050355289613514,889.0,8604.0,0.3769132277646176,1.2250626314251163,0.0,39937.0,0.9408716598312479,0.0,0
1.7707008967449516,0.17050355289613514,890.0,8604.0,0.3769135175171024,1.2250626314251167,0.0,39937.0,0.9408716598312479,0.0,0
1.770701183614351,0.17050355289613514,891.0,8604.0,0.3769138043865019,1.225062631425116,0.0,39937.0,0.9408716598312479,0.0,0
1.7707014676293524,0.17050355289613514,892.0,8604.0,0.3769140884015032,1.225062631425116,0.0,39937.0,0.9408716598312479,0.0,0
1.770701748818357,0.17050355289613514,893.0,8604.0,0.3769143695905079,1.2250626314251165,0.0,39937.0,0.9408716598312479,0.0,0
1.7707020272094842,0.17050355289613514,894.0,8604.0,0.3769146479816353,1.2250626314251165,0.0,39937.0,0.9408716598312479,0.0,0
1.770702302830574,0.17050355289613514,895.0,8604.0,0.3769149236027248,1.2250626314251163,0.0,39937.0,0.9408716598312479,0.0,0
1.7707469131008664,0.17054789028781367,896.0,8605.0,0.3769151964813385,1.2250626314251165,0.0,39937.0,0.9408716598312479,0.0,0
1.7707471832642925,0.17054789028781367,897.0,8605.0,0.3769154666447646,1.2250626314251163,0.0,39937.0,0.9408716598312479,0.0,0
1.7707474507395478,0.17054789028781367,898.0,8605.0,0.37691573412001994,1.225062631425117,0.0,39937.0,0.9408716598312479,0.0,0
1.7707477155533795,0.17054789028781367,899.0,8605.0,0.3769159989338518,1.225062631425116,0.0,39937.0,0.9408716598312479,0.0,0
1.7707479777322699,0.17054789028781367,900.0,8605.0,0.3769162611127422,1.2250626314251165,0.0,39937.0,0.9408716598312479,0.0,0
1.7707482373024361,0.17054789028781367,901.0,8605.0,0.37691652068290876,1.2250626314251163,0.0,39937.0,0.9408716598312479,0.0,0
1.7707484942898368,0.17054789028781367,902.0,8605.0,0.37691677767030907,1.2250626314251165,0.0,39937.0,0.9408716598312479,0.0,0
1.7707487487201699,0.17054789028781367,903.0,8605.0,0.37691703210064215,1.2250626314251163,0.0,39937.0,0.9408716598312479,0.0,0
1.7707490006188789,0.17054789028781367,904.0,8605.0,0.3769172839993511,1.2250626314251163,0.0,39937.0,0.9408716598312479,0.0,0
1.7707492500111537,0.17054789028781367,905.0,8605.0,0.37691753339162615,1.225062631425116,0.0,39937.0,0.9408716598312479,0.0,0
1.770749496921934,0.17054789028781367,906.0,8605.0,0.37691778030240636,1.225062631425116,0.0,39937.0,0.9408716598312479,0.0,0
1.770749741375911,0.17054789028781367,907.0,8605.0,0.3769180247563833,1.2250626314251163,0.0,39937.0,0.9408716598312479,0.0,0
1.7707499833975302,0.17054789028781367,908.0,8605.0,0.37691826677800266,1.2250626314251163,0.0,39937.0,0.9408716598312479,0.0,0
1.7707502230109942,0.17054789028781367,909.0,8605.0,0.37691850639146657,1.2250626314251158,0.0,39937.0,0.9408716598312479,0.0,0
1.7707504602402646,0.17054789028781367,910.0,8605.0,0.37691874362073663,1.2250626314251167,0.0,39937.0,0.9408716598312479,0.0,0
1.770750695109064,0.17054789028781367,911.0,8605.0,0.3769189784895361,1.2250626314251165,0.0,39937.0,0.9408716598312479,0.0,0
1.7707509276408795,0.17054789028781367,912.0,8605.0,0.376919211021352,1.2250626314251163,0.0,39937.0,0.9408716598312479,0.0,0
1.7707511578589656,0.17054789028781367,913.0,8605.0,0.37691944123943755,1.2250626314251167,0.0,39937.0,0.9408716598312479,0.0,0
1.770751385786343,0.17054789028781367,914.0,8605.0,0.3769196691668149,1.225062631425117,0.0,39937.0,0.9408716598312479,0.0,0
1.7707516114458046,0.17054789028781367,915.0,8605.0,0.376919894826277,1.2250626314251158,0.0,39937.0,0.9408716598312479,0.0,0
1.7707518348599176,0.17054789028781367,916.0,8605.0,0.37692011824038996,1.2250626314251167,0.0,39937.0,0.9408716598312479,0.0,0
1.770752056051023,0.17054789028781367,917.0,8605.0,0.3769203394314953,1.2250626314251165,0.0,39937.0,0.9408716598312479,0.0,0
1.77075227504124,0.17054789028781367,918.0,8605.0,0.37692055842171246,1.2250626314251167,0.0,39937.0,0.9408716598312479,0.0,0
1.7707524918524682,0.17054789028781367,919.0,8605.0,0.3769207752329406,1.2250626314251167,0.0,39937.0,0.9408716598312479,0.0,0
1.7707527065063884,0.17054789028781367,920.0,8605.0,0.3769209898868608,1.225062631425116,0.0,39937.0,0.9408716598312479,0.0,0
1.7707529190244664,0.17054789028781367,921.0,8605.0,0.37692120240493865,1.2250626314251167,0.0,39937.0,0.9408716598312479,0.0,0
1.7707531294279544,0.17054789028781367,922.0,8605.0,0.37692141280842667,1.225062631425116,0.0,39937.0,0.9408716598312479,0.0,0
1.7707533377378928,0.17054789028781367,923.0,8605.0,0.37692162111836486,1.225062631425117,0.0,39937.0,0.9408716598312479,0.0,0
1.7707535439751123,0.17054789028781367,924.0,8605.0,0.37692182735558455,1.225062631425117,0.0,39937.0,0.9408716598312479,0.0,0
1.7707537481602371,0.17054789028781367,925.0,8605.0,0.3769220315407096,1.2250626314251163,0.0,39937.0,0.9408716598312479,0.0,0
1.7707539503136864,0.17054789028781367,926.0,8605.0,0.3769222336941586,1.2250626314251165,0.0,39937.0,0.9408716598312479,0.0,0
1.7707541504556752,0.17054789028781367,927.0,8605.0,0.37692243383614726,1.2250626314251167,0.0,39937.0,0.9408716598312479,0.0,0
1.7707543486062176,0.17054789028781367,928.0,8605.0,0.37692263198669,1.2250626314251167,0.0,39937.0,0.9408716598312479,0.0,0
1.7707545447851294,0.17054789028781367,929.0,8605.0,0.37692282816560163,1.225062631425116,0.0,39937.0,0.9408716598312479,0.0,0
1.7707547390120284,0.17054789028781367,930.0,8605.0,0.3769230223925007,1.225062631425116,0.0,39937.0,0.9408716598312479,0.0,0
1.7707549313063375,0.17054789028781367,931.0,8605.0,0.37692321468680984,1.2250626314251163,0.0,39937.0,0.9408716598312479,0.0,0
1.770755121687286,0.17054789028781367,932.0,8605.0,0.3769234050677584,1.2250626314251163,0.0,39937.0,0.9408716598312479,0.0,0
1.7707553101739126,0.17054789028781367,933.0,8605.0,0.37692359355438515,1.225062631425116,0.0,39937.0,0.9408716598312479,0.0,0
1.7707554967850658,0.17054789028781367,934.0,8605.0,0.37692378016553824,1.2250626314251158,0.0,39937.0,0.9408716598312479,0.0,0
1.7707556815394074,0.17054789028781367,935.0,8605.0,0.3769239649198798,1.2250626314251158,0.0,39937.0,0.9408716598312479,0.0,0
1.7707558644554127,0.17054789028781367,936.0,8605.0,0.3769241478358847,1.2250626314251167,0.0,39937.0,0.9408716598312479,0.0,0
1.770756045551373,0.17054789028781367,937.0,8605.0,0.37692432893184485,1.2250626314251165,0.0,39937.0,0.9408716598312479,0.0,0
1.7707562248453979,0.17054789028781367,938.0,8605.0,0.37692450822587037,1.2250626314251165,0.0,39937.0,0.9408716598312479,0.0,0
1.7707564023554179,0.17054789028781367,939.0,8605.0,0.37692468573589033,1.2250626314251163,0.0,39937.0,0.9408716598312479,0.0,0
1.7707565780991839,0.17054789028781367,940.0,8605.0,0.3769248614796561,1.2250626314251167,0.0,39937.0,0.9408716598312479,0.0,0
1.77075675209427,0.17054789028781367,941.0,8605.0,0.37692503547474226,1.2250626314251163,0.0,39937.0,0.9408716598312479,0.0,0
1.7707569243580759,0.17054789028781367,942.0,8605.0,0.3769252077385482,1.225062631425116,0.0,39937.0,0.9408716598312479,0.0,0
1.7707570949078288,0.17054789028781367,943.0,8605.0,0.37692537828830086,1.2250626314251165,0.0,39937.0,0.9408716598312479,0.0,0
1.7707572637605826,0.17054789028781367,944.0,8605.0,0.37692554714105486,1.2250626314251158,0.0,39937.0,0.9408716598312479,0.0,0
1.7707574309332237,0.17054789028781367,945.0,8605.0,0.37692571431369604,1.2250626314251158,0.0,39937.0,0.9408716598312479,0.0,0
1.7707575964424696,0.17054789028781367,946.0,8605.0,0.3769258798229417,1.2250626314251165,0.0,39937.0,0.9408716598312479,0.0,0
1.7707577603048705,0.17054789028781367,947.0,8605.0,0.37692604368534294,1.2250626314251163,0.0,39937.0,0.9408716598312479,0.0,0
1.7707579225368137,0.17054789028781367,948.0,8605.0,0.37692620591728593,1.2250626314251163,0.0,39937.0,0.9408716598312479,0.0,0
1.7707580831545218,0.17054789028781367,949.0,8605.0,0.37692636653499406,1.2250626314251163,0.0,39937.0,0.9408716598312479,0.0,0
1.7707582421740573,0.17054789028781367,950.0,8605.0,0.37692652555452927,1.2250626314251167,0.0,39937.0,0.9408716598312479,0.0,0
1.7707583996113216,0.17054789028781367,951.0,8605.0,0.3769266829917938,1.2250626314251163,0.0,39937.0,0.9408716598312479,0.0,0
1.770758555482059,0.17054789028781367,952.0,8605.0,0.3769268388625314,1.2250626314251167,0.0,39937.0,0.9408716598312479,0.0,0
1.7707587098018567,0.17054789028781367,953.0,8605.0,0.37692699318232914,1.2250626314251163,0.0,39937.0,0.9408716598312479,0.0,0
1.7707588625861468,0.17054789028781367,954.0,8605.0,0.3769271459666191,1.2250626314251158,0.0,39937.0,0.9408716598312479,0.0,0
1.7707590138502078,0.17054789028781367,955.0,8605.0,0.3769272972306802,1.225062631425116,0.0,39937.0,0.9408716598312479,0.0,0
1.7707591636091664,0.17054789028781367,956.0,8605.0,0.37692744698963854,1.2250626314251165,0.0,39937.0,0.9408716598312479,0.0,0
1.7707593118779983,0.17054789028781367,957.0,8605.0,0.37692759525847064,1.2250626314251163,0.0,39937.0,0.9408716598312479,0.0,0
1.7707594586715305,0.17054789028781367,958.0,8605.0,0.37692774205200297,1.2250626314251167,0.0,39937.0,0.9408716598312479,0.0,0
1.7707596040044429,0.17054789028781367,959.0,8605.0,0.37692788738491523,1.225062631425116,0.0,39937.0,0.9408716598312479,0.0,0
1.7707597478912684,0.17054789028781367,960.0,8605.0,0.37692803127174096,1.2250626314251158,0.0,39937.0,0.9408716598312479,0.0,0
1.7707598903463964,0.17054789028781367,961.0,8605.0,0.3769281737268688,1.2250626314251165,0.0,39937.0,0.9408716598312479,0.0,0
1.7707600313840726,0.17054789028781367,962.0,8605.0,0.3769283147645446,1.2250626314251165,0.0,39937.0,0.9408716598312479,0.0,0
1.7707601710184,0.17054789028781367,963.0,8605.0,0.376928454398872,1.2250626314251172,0.0,39937.0,0.9408716598312479,0.0,0
1.7707603092633422,0.17054789028781367,964.0,8605.0,0.3769285926438146,1.2250626314251158,0.0,39937.0,0.9408716598312479,0.0,0
1.7707604461327247,0.17054789028781367,965.0,8605.0,0.376928729513197,1.225062631425116,0.0,39937.0,0.9408716598312479,0.0,0
1.7707605816402339,0.17054789028781367,966.0,8605.0,0.37692886502070616,1.2250626314251165,0.0,39937.0,0.9408716598312479,0.0,0
1.770760715799421,0.17054789028781367,967.0,8605.0,0.37692899917989325,1.2250626314251163,0.0,39937.0,0.9408716598312479,0.0,0
1.770760848623702,0.17054789028781367,968.0,8605.0,0.37692913200417416,1.2250626314251163,0.0,39937.0,0.9408716598312479,0.0,0
1.7707609801263589,0.17054789028781367,969.0,8605.0,0.37692926350683126,1.2250626314251158,0.0,39937.0,0.9408716598312479,0.0,0
1.7707611103205427,0.17054789028781367,970.0,8605.0,0.37692939370101514,1.2250626314251167,0.0,39937.0,0.9408716598312479,0.0,0
1.7707612392192729,0.17054789028781367,971.0,8605.0,0.37692952259974527,1.225062631425116,0.0,39937.0,0.9408716598312479,0.0,0
1.7707613668354394,0.17054789028781367,972.0,8605.0,0.3769296502159117,1.2250626314251163,0.0,39937.0,0.9408716598312479,0.0,0
1.7707614931818036,0.17054789028781367,973.0,8605.0,0.3769297765622759,1.2250626314251163,0.0,39937.0,0.9408716598312479,0.0,0
1.7707616182710002,0.17054789028781367,974.0,8605.0,0.3769299016514726,1.2250626314251163,0.0,39937.0,0.9408716598312479,0.0,0
1.770761742115539,0.17054789028781367,975.0,8605.0,0.3769300254960113,1.2250626314251163,0.0,39937.0,0.9408716598312479,0.0,0
1.7707618647278038,0.17054789028781367,976.0,8605.0,0.37693014810827613,1.2250626314251165,0.0,39937.0,0.9408716598312479,0.0,0
1.7707619861200565,0.17054789028781367,977.0,8605.0,0.3769302695005286,1.2250626314251165,0.0,39937.0,0.9408716598312479,0.0,0
1.7707621063044356,0.17054789028781367,978.0,8605.0,0.3769303896849079,1.2250626314251158,0.0,39937.0,0.9408716598312479,0.0,0
1.7707622252929605,0.17054789028781367,979.0,8605.0,0.3769305086734327,1.2250626314251165,0.0,39937.0,0.9408716598312479,0.0,0
1.7707623430975297,0.17054789028781367,980.0,8605.0,0.37693062647800185,1.2250626314251163,0.0,39937.0,0.9408716598312479,0.0,0
1.7707624597299236,0.17054789028781367,981.0,8605.0,0.3769307431103959,1.2250626314251163,0.0,39937.0,0.9408716598312479,0.0,0
1.770762575201806,0.17054789028781367,982.0,8605.0,0.37693085858227837,1.2250626314251163,0.0,39937.0,0.9408716598312479,0.0,0
1.770762689524724,0.17054789028781367,983.0,8605.0,0.3769309729051963,1.2250626314251167,0.0,39937.0,0.9408716598312479,0.0,0
1.7707628027101099,0.17054789028781367,984.0,8605.0,0.37693108609058223,1.2250626314251165,0.0,39937.0,0.9408716598312479,0.0,0
1.7707629147692825,0.17054789028781367,985.0,8605.0,0.37693119814975484,1.225062631425116,0.0,39937.0,0.9408716598312479,0.0,0
1.7707630257134477,0.17054789028781367,986.0,8605.0,0.37693130909392,1.2250626314251163,0.0,39937.0,0.9408716598312479,0.0,0
1.7707631355537,0.17054789028781367,987.0,8605.0,0.3769314189341723,1.2250626314251163,0.0,39937.0,0.9408716598312479,0.0,0
1.7707632443010235,0.17054789028781367,988.0,8605.0,0.3769315276814958,1.2250626314251167,0.0,39937.0,0.9408716598312479,0.0,0
1.7707633519662929,0.17054789028781367,989.0,8605.0,0.37693163534676527,1.225062631425116,0.0,39937.0,0.9408716598312479,0.0,0
1.7707634585602752,0.17054789028781367,990.0,8605.0,0.37693174194074747,1.2250626314251165,0.0,39937.0,0.9408716598312479,0.0,0
1.7707635640936297,0.17054789028781367,991.0,8605.0,0.37693184747410197,1.2250626314251163,0.0,39937.0,0.9408716598312479,0.0,0
1.7707636685769097,0.17054789028781367,992.0,8605.0,0.37693195195738183,1.225062631425117,0.0,39937.0,0.9408716598312479,0.0,0
1.7707637720205633,0.17054789028781367,993.0,8605.0,0.3769320554010357,1.2250626314251163,0.0,39937.0,0.9408716598312479,0.0,0
1.7707638744349359,0.17054789028781367,994.0,8605.0,0.3769321578154082,1.2250626314251167,0.0,39937.0,0.9408716598312479,0.0,0
1.7707639758302682,0.17054789028781367,995.0,8605.0,0.37693225921074053,1.225062631425117,0.0,39937.0,0.9408716598312479,0.0,0
1.7707640762167003,0.17054789028781367,996.0,8605.0,0.3769323595971724,1.2250626314251167,0.0,39937.0,0.9408716598312479,0.0,0
1.7707641756042702,0.17054789028781367,997.0,8605.0,0.3769324589847427,1.225062631425116,0.0,39937.0,0.9408716598312479,0.0,0
1.7707642740029175,0.17054789028781367,998.0,8605.0,0.37693255738339004,1.2250626314251158,0.0,39937.0,0.9408716598312479,0.0,0
1.7707643714224823,0.17054789028781367,999.0,8605.0,0.3769326548029545,1.2250626314251165,0.0,39937.0,0.9408716598312479,0.0,0
1.770764467872706,0.17054789028781367,1000.0,8605.0,0.3769327512531782,1.2250626314251163,0.0,39937.0,0.9408716598312479,0.0,0
1.7707645633632338,0.17054789028781367,1001.0,8605.0,0.37693284674370614,1.2250626314251163,0.0,39937.0,0.9408716598312479,0.0,0
1.7707646579036147,0.17054789028781367,1002.0,8605.0,0.3769329412840872,1.2250626314251165,0.0,39937.0,0.9408716598312479,0.0,0
1.7707647515033036,0.17054789028781367,1003.0,8605.0,0.3769330348837761,1.2250626314251163,0.0,39937.0,0.9408716598312479,0.0,0
1.77076484417166,0.17054789028781367,1004.0,8605.0,0.37693312755213226,1.225062631425116,0.0,39937.0,0.9408716598312479,0.0,0
1.7707649359179507,0.17054789028781367,1005.0,8605.0,0.376933219298423,1.2250626314251163,0.0,39937.0,0.9408716598312479,0.0,0
1.7707649359179507,0.17054789028781367,1005.0,8605.0,0.376933219298423,1.2250626314251163,0.0,39937.0,0.9408716598312479,0.0,0
1.7707649359179507,0.17054789028781367,1005.0,8605.0,0.376933219298423,1.2250626314251163,0.0,39937.0,0.9408716598312479,0.0,0
0.48134169845947117,0.10938589202162867,1005.0,13959.0,0.3783056158791592,-0.00010470276276143125,0.0,39786.0,-8.010969460035098e-05,0.0,0
0.48134169845947117,0.10938589202162867,1005.0,13959.0,0.3783056158791592,-0.00010470276276143125,0.0,39786.0,-8.010969460035098e-05,0.0,0
0.3777520558538115,0.0747880816195939,1006.0,15826.0,0.31007289960864914,-0.00010487674016154706,0.0,39720.0,-8.010969460035098e-05,0.0,0
0.3489912460296338,0.06847467510806973,1007.0,16148.0,0.28762549629599554,-0.00010487674016152421,0.0,39720.0,-8.010969460035098e-05,0.0,0
0.33116799239920697,0.06481856704796342,1008.0,16371.0,0.27345835072567504,-0.00010487674016163572,0.0,39720.0,-8.010969460035098e-05,0.0,0
0.3180825248119065,0.062398681098355904,1009.0,16525.0,0.26279276908798205,-0.00010487674016165327,0.0,39720.0,-8.010969460035098e-05,0.0,0
0.3072779425559573,0.060557026697280913,1010.0,16650.0,0.2538298412331078,-0.00010487674016154587,0.0,39720.0,-8.010969460035098e-05,0.0,0
0.2978453368593907,0.059084882253946674,1011.0,16754.0,0.24586937997987546,-0.00010487674016155296,0.0,39720.0,-8.010969460035098e-05,0.0,0
0.2896370210255421,0.05812690633822987,1012.0,16823.0,0.23861904006174375,-0.00010487674016158345,0.0,39720.0,-8.010969460035098e-05,0.0,0
0.2829449253730597,0.05811404019513161,1013.0,16827.0,0.23193981055235954,-0.00010487674016154569,0.0,39720.0,-8.010969460035098e-05,0.0,0
0.2767571878677399,0.05811404019513161,1014.0,16827.0,0.22575207304703965,-0.00010487674016148592,0.0,39720.0,-8.010969460035098e-05,0.0,0
0.2710058733583576,0.05811404019513161,1015.0,16827.0,0.22000075853765744,-0.0001048767401615184,0.0,39720.0,-8.010969460035098e-05,0.0,0
0.26564738731451315,0.05811404019513161,1016.0,16827.0,0.21464227249381307,-0.00010487674016164739,0.0,39720.0,-8.010969460035098e-05,0.0,0
0.2606445672817301,0.05811404019513161,1017.0,16827.0,0.20963945246103,-0.00010487674016161229,0.0,39720.0,-8.010969460035098e-05,0.0,0
0.2559646175930823,0.05811404019513161,1018.0,16827.0,0.2049595027723822,-0.00010487674016164568,0.0,39720.0,-8.010969460035098e-05,0.0,0
0.2515781593106441,0.05811404019513161,1019.0,16827.0,0.20057304448994406,-0.00010487674016163001,0.0,39720.0,-8.010969460035098e-05,0.0,0
0.2474587085437684,0.05811404019513161,1020.0,16827.0,0.19645359372306825,-0.00010487674016156605,0.0,39720.0,-8.010969460035098e-05,0.0,0
0.24358232874202923,0.05811404019513161,1021.0,16827.0,0.19257721392132912,-0.0001048767401616054,0.0,39720.0,-8.010969460035098e-05,0.0,0
0.23992736181440255,0.05811404019513161,1022.0,16827.0,0.18892224699370241,-0.00010487674016160197,0.0,39720.0,-8.010969460035098e-05,0.0,0
0.2364742016608023,0.05811404019513161,1023.0,16827.0,0.18546908684010224,-0.00010487674016167897,0.0,39720.0,-8.010969460035098e-05,0.0,0
0.23320509544357254,0.05811404019513161,1024.0,16827.0,0.18219998062287235,-0.00010487674016156956,0.0,39720.0,-8.010969460035098e-05,0.0,0
0.23010396604624878,0.05811404019513161,1025.0,16827.0,0.1790988512255487,-0.00010487674016162493,0.0,39720.0,-8.010969460035098e-05,0.0,0
0.227156252263898,0.05811404019513161,1026.0,16827.0,0.17615113744319785,-0.00010487674016154515,0.0,39720.0,-8.010969460035098e-05,0.0,0
0.22434876450811236,0.05811404019513161,1027.0,16827.0,0.17334364968741225,-0.0001048767401616471,0.0,39720.0,-8.010969460035098e-05,0.0,0
0.22158608288672987,0.05803056872641208,1028.0,16840.0,0.17066443953474925,-0.00010487674016156743,0.0,39720.0,-8.010969460035098e-05,0.0,0
0.21892289243238033,0.057929136077229305,1029.0,16856.0,0.1681026817295826,-0.00010487674016167502,0.0,39720.0,-8.010969460035098e-05,0.0,0
0.21639368977074866,0.05785404771535723,1030.0,16868.0,0.16564856742982292,-0.00010487674016161713,0.0,39720.0,-8.010969460035098e-05,0.0,0
0.213932853033913,0.05774857079242423,1031.0,16885.0,0.16329320761592026,-0.00010487674016162604,0.0,39720.0,-8.010969460035098e-05,0.0,0
0.21157631608660965,0.057656695768610974,1032.0,16900.0,0.16102854569243022,-0.0001048767401616972,0.0,39720.0,-8.010969460035098e-05,0.0,0
0.20931635736079432,0.05757800432916844,1033.0,16913.0,0.15884727840605736,-0.00010487674016159279,0.0,39720.0,-8.010969460035098e-05,0.0,0
0.20713982209219642,0.05750596317834043,1034.0,16925.0,0.15674278428828756,-0.00010487674016165883,0.0,39720.0,-8.010969460035098e-05,0.0,0
0.20499374739427945,0.05739361386232388,1035.0,16946.0,0.1547090589063871,-0.00010487674016166,0.0,39720.0,-8.010969460035098e-05,0.0,0
0.20291183617044614,0.05728010527006392,1036.0,16969.0,0.1527406562748137,-0.0001048767401616243,0.0,39720.0,-8.010969460035098e-05,0.0,0
0.2009239236509074,0.05720021318455123,1037.0,16986.0,0.15083263584078765,-0.00010487674016165464,0.0,39720.0,-8.010969460035098e-05,0.0,0
0.19899012668515814,0.05711853754601349,1038.0,17001.0,0.14898051451357616,-0.00010487674016165937,0.0,39720.0,-8.010969460035098e-05,0.0,0
0.1971070499726097,0.05703575208951398,1039.0,17020.0,0.14718022325752725,-0.00010487674016161638,0.0,39720.0,-8.010969460035098e-05,0.0,0
0.1952690970566718,0.056949954616536944,1040.0,17036.0,0.1454280678145664,-0.00010487674016164298,0.0,39720.0,-8.010969460035098e-05,0.0,0
0.19351589232861716,0.05690412453985016,1041.0,17045.0,0.14372069316319847,-0.00010487674016161973,0.0,39720.0,-8.010969460035098e-05,0.0,0
0.1917462135397799,0.05680008755576103,1042.0,17067.0,0.14205505135845034,-0.00010487674016159325,0.0,39720.0,-8.010969460035098e-05,0.0,0
0.190025317565719,0.05670587050912256,1043.0,17087.0,0.14042837243102796,-0.00010487674016165484,0.0,39720.0,-8.010969460035098e-05,0.0,0
0.18834065066535516,0.05661143798520845,1044.0,17108.0,0.13883813805457815,-0.00010487674016159754,0.0,39720.0,-8.010969460035098e-05,0.0,0
0.18669955552988443,0.0565264231866704,1045.0,17127.0,0.1372820577176455,-0.00010487674016157656,0.0,39720.0,-8.010969460035098e-05,0.0,0
0.18510176057027874,0.05645263878272629,1046.0,17142.0,0.13575804716198395,-0.00010487674016162046,0.0,39720.0,-8.010969460035098e-05,0.0,0
0.1835697894726792,0.05641450597554777,1047.0,17150.0,0.13426420887156293,-0.00010487674016163741,0.0,39720.0,-8.010969460035098e-05,0.0,0
0.18201080361347752,0.05632091457077946,1048.0,17169.0,0.13279881441712957,-0.00010487674016160967,0.0,39720.0,-8.010969460035098e-05,0.0,0
0.18044904644761867,0.05619768334229092,1049.0,17191.0,0.13136028847975922,-0.0001048767401615849,0.0,39720.0,-8.010969460035098e-05,0.0,0
0.1786726116354112,0.05583434261621318,1050.0,17230.0,0.12994719439362953,-0.00010487674016164628,0.0,39720.0,-8.010969460035098e-05,0.0,0
0.17684829296493404,0.05539899727591022,1051.0,17277.0,0.12855822106345532,-0.00010487674016162996,0.0,39720.0,-8.010969460035098e-05,0.0,0
0.17515671702769342,0.055073471276345695,1052.0,17314.0,0.12719217112577927,-0.00010487674016163447,0.0,39720.0,-8.010969460035098e-05,0.0,0
0.1735838809363214,0.05484485607499137,1053.0,17335.0,0.12584795023576154,-0.00010487674016164504,0.0,39720.0,-8.010969460035098e-05,0.0,0
0.1720197777252461,0.05460414572730392,1054.0,17358.0,0.12452455737237365,-0.0001048767401616063,0.0,39720.0,-8.010969460035098e-05,0.0,0
0.17050621391468362,0.05439406322402198,1055.0,17377.0,0.12322107606509312,-0.0001048767401615554,0.0,39720.0,-8.010969460035098e-05,0.0,0
0.1690167877452688,0.0541890466652827,1056.0,17395.0,0.1219366664544176,-0.00010487674016163964,0.0,39720.0,-8.010969460035098e-05,0.0,0
0.16750188986668266,0.05394025713425297,1057.0,17417.0,0.12067055810686118,-0.0001048767401616064,0.0,39720.0,-8.010969460035098e-05,0.0,0
0.16590623318468203,0.05359311504646963,1058.0,17448.0,0.11942204351264389,-0.00010487674016155291,0.0,39720.0,-8.010969460035098e-05,0.0,0
0.16444160442055927,0.053360057593872114,1059.0,17469.0,0.11819047220111863,-0.0001048767401615824,0.0,39720.0,-8.010969460035098e-05,0.0,0
0.1631273695624327,0.05326104952170319,1060.0,17478.0,0.11697524541516098,-0.00010487674016157235,0.0,39720.0,-8.010969460035098e-05,0.0,0
0.16173174779350125,0.053064861876594524,1061.0,17496.0,0.11577581129133821,-0.00010487674016166277,0.0,39720.0,-8.010969460035098e-05,0.0,0
0.16039629684073511,0.05291356171742857,1062.0,17510.0,0.11459166049773804,-0.00010487674016160943,0.0,39720.0,-8.010969460035098e-05,0.0,0
0.15901253602423399,0.052699139112751904,1063.0,17530.0,0.11342232228591362,-0.00010487674016166319,0.0,39720.0,-8.010969460035098e-05,0.0,0
0.15767697517930024,0.05251853963618387,1064.0,17547.0,0.11226736091754788,-0.00010487674016163935,0.0,39720.0,-8.010969460035098e-05,0.0,0
0.15638834374750973,0.05237089669175495,1065.0,17561.0,0.1111263724301863,-0.00010487674016158329,0.0,39720.0,-8.010969460035098e-05,0.0,0
0.15506201890645777,0.05217196257110734,1066.0,17580.0,0.10999898170978191,-0.00010487674016159086,0.0,39720.0,-8.010969460035098e-05,0.0,0
0.15378201444897877,0.052006099982544504,1067.0,17596.0,0.10888483984086578,-0.0001048767401616217,0.0,39720.0,-8.010969460035098e-05,0.0,0
0.15241330856722402,0.051738612233724245,1068.0,17622.0,0.10778362170793128,-0.00010487674016159562,0.0,39720.0,-8.010969460035098e-05,0.0,0
0.1511412551293832,0.05155515667967746,1069.0,17640.0,0.10669502382413722,-0.00010487674016156957,0.0,39720.0,-8.010969460035098e-05,0.0,0
0.14986297437642188,0.051353137385147525,1070.0,17660.0,0.10561876236570579,-0.00010487674016156549,0.0,39720.0,-8.010969460035098e-05,0.0,0
0.14867858357690483,0.051232937558885555,1071.0,17672.0,0.10455457139245079,-0.00010487674016161351,0.0,39720.0,-8.010969460035098e-05,0.0,0
0.14747690255698717,0.05108362669468674,1072.0,17687.0,0.1035022012367319,-0.00010487674016158724,0.0,39720.0,-8.010969460035098e-05,0.0,0
0.14626837986991365,0.05091588819952781,1073.0,17704.0,0.10246141704481734,-0.00010487674016160792,0.0,39720.0,-8.010969460035098e-05,0.0,0
0.14501402232893892,0.050690950247211194,1074.0,17727.0,0.10143199745615922,-0.00010487674016160561,0.0,39720.0,-8.010969460035098e-05,0.0,0
0.14375342550294415,0.05044861746990841,1075.0,17752.0,0.1004137334074672,-0.00010487674016155712,0.0,39720.0,-8.010969460035098e-05,0.0,0
0.14266923204602122,0.05037173037074032,1076.0,17760.0,0.09940642704971236,-0.0001048767401615718,0.0,39720.0,-8.010969460035098e-05,0.0,0
0.14155814804040046,0.050257182647507705,1077.0,17772.0,0.0984098907673242,-0.00010487674016157875,0.0,39720.0,-8.010969460035098e-05,0.0,0
0.140439525412507,0.05012450449707497,1078.0,17786.0,0.09742394628986356,-0.00010487674016164922,0.0,39720.0,-8.010969460035098e-05,0.0,0
0.13931364208451388,0.04997414357156512,1079.0,17802.0,0.09644842388738029,-0.00010487674016159905,0.0,39720.0,-8.010969460035098e-05,0.0,0
0.13824588046655192,0.04987164419948324,1080.0,17813.0,0.09548316164150014,-0.00010487674016157467,0.0,39720.0,-8.010969460035098e-05,0.0,0
0.13716125701647083,0.04974217760585888,1081.0,17827.0,0.09452800478504347,-0.00010487674016162145,0.0,39720.0,-8.010969460035098e-05,0.0,0
0.13614256525247484,0.04966868552324542,1082.0,17835.0,0.09358280510366093,-0.00010487674016165842,0.0,39720.0,-8.010969460035098e-05,0.0,0
0.1351160819700816,0.04957758695091883,1083.0,17845.0,0.0926474203935943,-0.00010487674016164125,0.0,39720.0,-8.010969460035098e-05,0.0,0
0.13404577723023284,0.04943298863443623,1084.0,17861.0,0.09172171397022813,-0.0001048767401616186,0.0,39720.0,-8.010969460035098e-05,0.0,0
0.13300396813292154,0.049307339284744935,1085.0,17875.0,0.09080555422260805,-0.00010487674016157735,0.0,39720.0,-8.010969460035098e-05,0.0,0
0.13201716839335795,0.04922727955823057,1086.0,17884.0,0.08989881420955886,-0.00010487674016159523,0.0,39720.0,-8.010969460035098e-05,0.0,0
0.13103151203065996,0.04913906611164035,1087.0,17894.0,0.08900137129345112,-0.00010487674016163973,0.0,39720.0,-8.010969460035098e-05,0.0,0
0.1300205282261505,0.049016346792539536,1088.0,17908.0,0.08811310680804245,-0.00010487674016156885,0.0,39720.0,-8.010969460035098e-05,0.0,0
0.1290717401765046,0.04894675979377873,1089.0,17916.0,0.08723390575715737,-0.00010487674016158578,0.0,39720.0,-8.010969460035098e-05,0.0,0
0.12811514592141723,0.04886041475456886,1090.0,17926.0,0.0863636565412799,-0.00010487674016158838,0.0,39720.0,-8.010969460035098e-05,0.0,0
0.12715091851448768,0.04875759317951017,1091.0,17938.0,0.085502250709409,-0.00010487674016161522,0.0,39720.0,-8.010969460035098e-05,0.0,0
0.12617069359419786,0.048630036234847664,1092.0,17953.0,0.08464958273378169,-0.00010487674016161705,0.0,39720.0,-8.010969460035098e-05,0.0,0
0.12530972008616487,0.0486130956553029,1093.0,17955.0,0.08380554980529349,-0.00010487674016161494,0.0,39720.0,-8.010969460035098e-05,0.0,0
0.12447422192852683,0.0486130956553029,1094.0,17955.0,0.08297005164765543,-0.00010487674016156533,0.0,39720.0,-8.010969460035098e-05,0.0,0
0.12364716062938248,0.0486130956553029,1095.0,17955.0,0.08214299034851108,-0.00010487674016161466,0.0,39720.0,-8.010969460035098e-05,0.0,0
0.12282844048677866,0.0486130956553029,1096.0,17955.0,0.08132427020590724,-0.00010487674016158823,0.0,39720.0,-8.010969460035098e-05,0.0,0
0.12201796786953506,0.0486130956553029,1097.0,17955.0,0.08051379758866364,-0.00010487674016161654,0.0,39720.0,-8.010969460035098e-05,0.0,0
0.12121565109019872,0.0486130956553029,1098.0,17955.0,0.07971148080932729,-0.0001048767401615724,0.0,39720.0,-8.010969460035098e-05,0.0,0
0.12042140028939077,0.0486130956553029,1099.0,17955.0,0.07891723000851938,-0.00010487674016158407,0.0,39720.0,-8.010969460035098e-05,0.0,0
0.11963512733047042,0.0486130956553029,1100.0,17955.0,0.078130957049599,-0.00010487674016158188,0.0,39720.0,-8.010969460035098e-05,0.0,0
0.11885674570353914,0.0486130956553029,1101.0,17955.0,0.0773525754226678,-0.00010487674016164716,0.0,39720.0,-8.010969460035098e-05,0.0,0
0.11808617043790495,0.0486130956553029,1102.0,17955.0,0.07658200015703355,-0.00010487674016158461,0.0,39720.0,-8.010969460035098e-05,0.0,0
0.11732331802220629,0.0486130956553029,1103.0,17955.0,0.0758191477413349,-0.00010487674016157205,0.0,39720.0,-8.010969460035098e-05,0.0,0
0.1165681063314757,0.0486130956553029,1104.0,17955.0,0.07506393605060432,-0.00010487674016162946,0.0,39720.0,-8.010969460035098e-05,0.0,0
0.11582045456048763,0.0486130956553029,1105.0,17955.0,0.07431628427961624,-0.0001048767401616,0.0,39720.0,-8.010969460035098e-05,0.0,0
0.11508028316279909,0.0486130956553029,1106.0,17955.0,0.07357611288192771,-0.00010487674016163629,0.0,39720.0,-8.010969460035098e-05,0.0,0
0.11434751379494923,0.0486130956553029,1107.0,17955.0,0.07284334351407781,-0.00010487674016159623,0.0,39720.0,-8.010969460035098e-05,0.0,0
0.11362206926533133,0.0486130956553029,1108.0,17955.0,0.07211789898445994,-0.00010487674016160115,0.0,39720.0,-8.010969460035098e-05,0.0,0
0.11290387348730074,0.0486130956553029,1109.0,17955.0,0.07139970320642933,-0.00010487674016156685,0.0,39720.0,-8.010969460035098e-05,0.0,0
0.11219285143612043,0.0486130956553029,1110.0,17955.0,0.070688681155249,-0.00010487674016160711,0.0,39720.0,-8.010969460035098e-05,0.0,0
0.11148892910938647,0.0486130956553029,1111.0,17955.0,0.06998475882851508,-0.00010487674016162439,0.0,39720.0,-8.010969460035098e-05,0.0,0
0.11079203349060725,0.0486130956553029,1112.0,17955.0,0.06928786320973586,-0.00010487674016161417,0.0,39720.0,-8.010969460035098e-05,0.0,0
0.1101020925156432,0.0486130956553029,1113.0,17955.0,0.0685979222347718,-0.0001048767401616249,0.0,39720.0,-8.010969460035098e-05,0.0,0
0.10941903504174068,0.0486130956553029,1114.0,17955.0,0.06791486476086926,-0.00010487674016160535,0.0,39720.0,-8.010969460035098e-05,0.0,0
0.10874279081891877,0.0486130956553029,1115.0,17955.0,0.06723862053804736,-0.00010487674016158585,0.0,39720.0,-8.010969460035098e-05,0.0,0
0.10807329046349146,0.0486130956553029,1116.0,17955.0,0.06656912018262007,-0.00010487674016161779,0.0,39720.0,-8.010969460035098e-05,0.0,0
0.10741046543352767,0.0486130956553029,1117.0,17955.0,0.06590629515265627,-0.00010487674016158441,0.0,39720.0,-8.010969460035098e-05,0.0,0
0.10675424800607003,0.0486130956553029,1118.0,17955.0,0.06525007772519863,-0.00010487674016160581,0.0,39720.0,-8.010969460035098e-05,0.0,0
0.10610457125595188,0.0486130956553029,1119.0,17955.0,0.06460040097508046,-0.00010487674016160685,0.0,39720.0,-8.010969460035098e-05,0.0,0
0.10546136903606482,0.0486130956553029,1120.0,17955.0,0.06395719875519343,-0.00010487674016161442,0.0,39720.0,-8.010969460035098e-05,0.0,0
0.10482457595894533,0.0486130956553029,1121.0,17955.0,0.06332040567807391,-0.0001048767401615676,0.0,39720.0,-8.010969460035098e-05,0.0,0
0.10419412737955983,0.0486130956553029,1122.0,17955.0,0.06268995709868844,-0.00010487674016160203,0.0,39720.0,-8.010969460035098e-05,0.0,0
0.10356995937918041,0.0486130956553029,1123.0,17955.0,0.06206578909830898,-0.00010487674016158578,0.0,39720.0,-8.010969460035098e-05,0.0,0
0.10295200875025191,0.0486130956553029,1124.0,17955.0,0.06144783846938053,-0.0001048767401616304,0.0,39720.0,-8.010969460035098e-05,0.0,0
0.10234021298216245,0.0486130956553029,1125.0,17955.0,0.06083604270129107,-0.0001048767401616251,0.0,39720.0,-8.010969460035098e-05,0.0,0
0.1017345102478357,0.0486130956553029,1126.0,17955.0,0.060230339966964315,-0.00010487674016162289,0.0,39720.0,-8.010969460035098e-05,0.0,0
0.10113483939107308,0.0486130956553029,1127.0,17955.0,0.05963066911020169,-0.000104876740161594,0.0,39720.0,-8.010969460035098e-05,0.0,0
0.1005411399145788,0.0486130956553029,1128.0,17955.0,0.0590369696337074,-0.00010487674016160294,0.0,39720.0,-8.010969460035098e-05,0.0,0
0.09995335196860881,0.0486130956553029,1129.0,17955.0,0.05844918168773741,-0.00010487674016158602,0.0,39720.0,-8.010969460035098e-05,0.0,0
0.0993714163401885,0.0486130956553029,1130.0,17955.0,0.057867246059317125,-0.00010487674016162759,0.0,39720.0,-8.010969460035098e-05,0.0,0
0.09879527444285112,0.0486130956553029,1131.0,17955.0,0.05729110416197975,-0.00010487674016163649,0.0,39720.0,-8.010969460035098e-05,0.0,0
0.09822486830685134,0.0486130956553029,1132.0,17955.0,0.05672069802597998,-0.00010487674016163254,0.0,39720.0,-8.010969460035098e-05,0.0,0
0.0976601405698147,0.0486130956553029,1133.0,17955.0,0.056155970288943306,-0.00010487674016160729,0.0,39720.0,-8.010969460035098e-05,0.0,0
0.0971010344677857,0.0486130956553029,1134.0,17955.0,0.055596864186914285,-0.00010487674016157463,0.0,39720.0,-8.010969460035098e-05,0.0,0
0.09654749382664175,0.0486130956553029,1135.0,17955.0,0.05504332354577036,-0.00010487674016161162,0.0,39720.0,-8.010969460035098e-05,0.0,0
0.09599946305384344,0.0486130956553029,1136.0,17955.0,0.054495292772972034,-0.00010487674016158354,0.0,39720.0,-8.010969460035098e-05,0.0,0
0.09545688713049252,0.0486130956553029,1137.0,17955.0,0.05395271684962111,-0.00010487674016158417,0.0,39720.0,-8.010969460035098e-05,0.0,0
0.09491971160367504,0.0486130956553029,1138.0,17955.0,0.05341554132280359,-0.00010487674016157243,0.0,39720.0,-8.010969460035098e-05,0.0,0
0.09438788257906539,0.0486130956553029,1139.0,17955.0,0.052883712298194004,-0.00010487674016159982,0.0,39720.0,-8.010969460035098e-05,0.0,0
0.09386134671377223,0.0486130956553029,1140.0,17955.0,0.052357176432900845,-0.00010487674016162626,0.0,39720.0,-8.010969460035098e-05,0.0,0
0.09334005120940744,0.0486130956553029,1141.0,17955.0,0.05183588092853605,-0.00010487674016160661,0.0,39720.0,-8.010969460035098e-05,0.0,0
0.09282394380536113,0.0486130956553029,1142.0,17955.0,0.051319773524489756,-0.00010487674016161354,0.0,39720.0,-8.010969460035098e-05,0.0,0
0.09231297277226849,0.0486130956553029,1143.0,17955.0,0.05080880249139708,-0.00010487674016159821,0.0,39720.0,-8.010969460035098e-05,0.0,0
0.09180708690565371,0.0486130956553029,1144.0,17955.0,0.0503029166247823,-0.00010487674016160269,0.0,39720.0,-8.010969460035098e-05,0.0,0
0.09130623551973921,0.0486130956553029,1145.0,17955.0,0.049802065238867835,-0.00010487674016161982,0.0,39720.0,-8.010969460035098e-05,0.0,0
0.09081036844140854,0.0486130956553029,1146.0,17955.0,0.04930619816053714,-0.00010487674016160229,0.0,39720.0,-8.010969460035098e-05,0.0,0
0.09031943600431255,0.0486130956553029,1147.0,17955.0,0.04881526572344114,-0.00010487674016158631,0.0,39720.0,-8.010969460035098e-05,0.0,0
0.08983338904310993,0.0486130956553029,1148.0,17955.0,0.04832921876223854,-0.00010487674016161843,0.0,39720.0,-8.010969460035098e-05,0.0,0
0.08935217888783316,0.0486130956553029,1149.0,17955.0,0.047848008606961735,-0.000104876740161585,0.0,39720.0,-8.010969460035098e-05,0.0,0
0.088875757358372,0.0486130956553029,1150.0,17955.0,0.047371587077500624,-0.00010487674016161165,0.0,39720.0,-8.010969460035098e-05,0.0,0
0.08840407675906843,0.0486130956553029,1151.0,17955.0,0.046899906478197056,-0.00010487674016161775,0.0,39720.0,-8.010969460035098e-05,0.0,0
0.08793708987341523,0.0486130956553029,1152.0,17955.0,0.046432919592543816,-0.0001048767401616048,0.0,39720.0,-8.010969460035098e-05,0.0,0
0.08747474995885333,0.0486130956553029,1153.0,17955.0,0.04597057967798194,-0.00010487674016160696,0.0,39720.0,-8.010969460035098e-05,0.0,0
0.08701701074166257,0.0486130956553029,1154.0,17955.0,0.045512840460791175,-0.00010487674016161863,0.0,39720.0,-8.010969460035098e-05,0.0,0
0.08656382641194035,0.0486130956553029,1155.0,17955.0,0.04505965613106893,-0.00010487674016158192,0.0,39720.0,-8.010969460035098e-05,0.0,0
0.08611515161866423,0.0486130956553029,1156.0,17955.0,0.04461098133779284,-0.00010487674016160107,0.0,39720.0,-8.010969460035098e-05,0.0,0
0.0856709414648347,0.0486130956553029,1157.0,17955.0,0.04416677118396329,-0.0001048767401615886,0.0,39720.0,-8.010969460035098e-05,0.0,0
0.08523115150269345,0.0486130956553029,1158.0,17955.0,0.04372698122182203,-0.00010487674016159147,0.0,39720.0,-8.010969460035098e-05,0.0,0
0.08479573772901472,0.0486130956553029,1159.0,17955.0,0.04329156744814333,-0.00010487674016161627,0.0,39720.0,-8.010969460035098e-05,0.0,0
0.08436465658046619,0.0486130956553029,1160.0,17955.0,0.0428604862995948,-0.0001048767401616174,0.0,39720.0,-8.010969460035098e-05,0.0,0
0.08393786492903635,0.0486130956553029,1161.0,17955.0,0.04243369464816495,-0.00010487674016161195,0.0,39720.0,-8.010969460035098e-05,0.0,0
0.08351532007752625,0.0486130956553029,1162.0,17955.0,0.04201114979665483,-0.00010487674016158726,0.0,39720.0,-8.010969460035098e-05,0.0,0
0.08309697975510268,0.0486130956553029,1163.0,17955.0,0.041592809474231295,-0.00010487674016161875,0.0,39720.0,-8.010969460035098e-05,0.0,0
0.08268280211291122,0.0486130956553029,1164.0,17955.0,0.04117863183203984,-0.00010487674016160574,0.0,39720.0,-8.010969460035098e-05,0.0,0
0.08227274571974613,0.0486130956553029,1165.0,17955.0,0.04076857543887474,-0.00010487674016161916,0.0,39720.0,-8.010969460035098e-05,0.0,0
0.08186676955777637,0.0486130956553029,1166.0,17955.0,0.040362599276905,-0.0001048767401616304,0.0,39720.0,-8.010969460035098e-05,0.0,0
0.08146483301832512,0.0486130956553029,1167.0,17955.0,0.03996066273745371,-0.00010487674016158662,0.0,39720.0,-8.010969460035098e-05,0.0,0
0.08106689589770144,0.0486130956553029,1168.0,17955.0,0.03956272561683004,-0.00010487674016158165,0.0,39720.0,-8.010969460035098e-05,0.0,0
0.08067291839308292,0.0486130956553029,1169.0,17955.0,0.039168748112211535,-0.00010487674016160115,0.0,39720.0,-8.010969460035098e-05,0.0,0
0.08028286109844754,0.0486130956553029,1170.0,17955.0,0.038778690817576136,-0.00010487674016160847,0.0,39720.0,-8.010969460035098e-05,0.0,0
0.07989668500055334,0.0486130956553029,1171.0,17955.0,0.038392514719681956,-0.00010487674016159912,0.0,39720.0,-8.010969460035098e-05,0.0,0
0.0795143514749653,0.0486130956553029,1172.0,17955.0,0.038010181194093905,-0.00010487674016161145,0.0,39720.0,-8.010969460035098e-05,0.0,0
0.0791358222821277,0.0486130956553029,1173.0,17955.0,0.037631652001256316,-0.0001048767401616037,0.0,39720.0,-8.010969460035098e-05,0.0,0
0.07876105956348124,0.0486130956553029,1174.0,17955.0,0.03725688928260986,-0.00010487674016160924,0.0,39720.0,-8.010969460035098e-05,0.0,0
0.0783740543521685,0.048597124169847516,1175.0,17960.0,0.0368858555567525,-0.00010487674016162276,0.0,39720.0,-8.010969460035098e-05,0.0,0
0.0779939800360736,0.04858439169486199,1176.0,17964.0,0.03651851371564311,-0.00010487674016159223,0.0,39720.0,-8.010969460035098e-05,0.0,0
0.07761444642144985,0.04856854477503445,1177.0,17969.0,0.03615482702084691,-0.00010487674016161217,0.0,39720.0,-8.010969460035098e-05,0.0,0
0.07724492143725879,0.048559087711868114,1178.0,17972.0,0.035794759099822195,-0.00010487674016161648,0.0,39720.0,-8.010969460035098e-05,0.0,0
0.0768790232147152,0.04854967464689943,1179.0,17975.0,0.035438273942247266,-0.00010487674016161452,0.0,39720.0,-8.010969460035098e-05,0.0,0
0.07651671228980504,0.048540301767849396,1180.0,17978.0,0.03508533589638715,-0.000104876740161602,0.0,39720.0,-8.010969460035098e-05,0.0,0
0.07616417550397894,0.0485371912129114,1181.0,17979.0,0.03473590966549903,-0.00010487674016158482,0.0,39720.0,-8.010969460035098e-05,0.0,0
0.07580586865432999,0.04852483372448535,1182.0,17983.0,0.034389960304276164,-0.00010487674016160672,0.0,39720.0,-8.010969460035098e-05,0.0,0
0.07544796989233009,0.048509442051432296,1183.0,17988.0,0.03404745321532929,-0.0001048767401616009,0.0,39720.0,-8.010969460035098e-05,0.0,0
0.07510273437134138,0.04850330560006754,1184.0,17990.0,0.033708354145705326,-0.00010487674016160329,0.0,39720.0,-8.010969460035098e-05,0.0,0
0.07476395352098793,0.04850024971197709,1185.0,17991.0,0.03337262918344233,-0.00010487674016161287,0.0,39720.0,-8.010969460035098e-05,0.0,0
0.07442549231983948,0.048494172940110374,1186.0,17993.0,0.03304024475416059,-0.00010487674016157749,0.0,39720.0,-8.010969460035098e-05,0.0,0
0.07409339842284685,0.04849115617958929,1187.0,17994.0,0.03271116761768905,-0.00010487674016160814,0.0,39720.0,-8.010969460035098e-05,0.0,0
0.0737585834550412,0.048482143964745886,1188.0,17997.0,0.032385364864726825,-0.00010487674016160478,0.0,39720.0,-8.010969460035098e-05,0.0,0
0.07342403264819763,0.04847015410909006,1189.0,18001.0,0.032062803913539044,-0.00010487674016156758,0.0,39720.0,-8.010969460035098e-05,0.0,0
0.07309871239563637,0.04846418526338106,1190.0,18003.0,0.03174345250668678,-0.00010487674016157568,0.0,39720.0,-8.010969460035098e-05,0.0,0
0.07277660187104443,0.048458248537685406,1191.0,18005.0,0.0314272787077905,-0.00010487674016158314,0.0,39720.0,-8.010969460035098e-05,0.0,0
0.0724399310595317,0.04843460553563647,1192.0,18013.0,0.031114250898326704,-0.00010487674016157988,0.0,39720.0,-8.010969460035098e-05,0.0,0
0.07211824234959334,0.048422829949567606,1193.0,18017.0,0.030804337774457215,-0.00010487674016156572,0.0,39720.0,-8.010969460035098e-05,0.0,0
0.07179969786436148,0.048411114894902255,1194.0,18021.0,0.03049750834389072,-0.00010487674016159737,0.0,39720.0,-8.010969460035098e-05,0.0,0
0.0714842594051966,0.0483994528568516,1195.0,18025.0,0.03019373192277651,-0.00010487674016161223,0.0,39720.0,-8.010969460035098e-05,0.0,0
0.07118059816181858,0.048396545403620775,1196.0,18026.0,0.02989297813262933,-0.00010487674016161573,0.0,39720.0,-8.010969460035098e-05,0.0,0
0.07087416065140133,0.04838786912854716,1197.0,18029.0,0.02959521689728569,-0.00010487674016162348,0.0,39720.0,-8.010969460035098e-05,0.0,0
0.07057936219400657,0.04838786912854716,1198.0,18029.0,0.029300418439890917,-0.00010487674016159809,0.0,39720.0,-8.010969460035098e-05,0.0,0
0.07028462500901654,0.04838499710353156,1199.0,18030.0,0.02900855327991648,-0.00010487674016160768,0.0,39720.0,-8.010969460035098e-05,0.0,0
0.06998994972035263,0.04837928286457639,1200.0,18032.0,0.028719592230207737,-0.00010487674016159406,0.0,39720.0,-8.010969460035098e-05,0.0,0
0.06969817995233134,0.04837359893270177,1201.0,18034.0,0.02843350639406106,-0.00010487674016159436,0.0,39720.0,-8.010969460035098e-05,0.0,0
0.06940362903107115,0.04836228724317201,1202.0,18038.0,0.02815026716233065,-0.00010487674016161298,0.0,39720.0,-8.010969460035098e-05,0.0,0
0.06911475721570554,0.04835383637957275,1203.0,18041.0,0.027869846210564306,-0.00010487674016162098,0.0,39720.0,-8.010969460035098e-05,0.0,0
0.06883150463409973,0.04834821451236315,1204.0,18043.0,0.0275922154961681,-0.00010487674016160513,0.0,39720.0,-8.010969460035098e-05,0.0,0
0.06854823460075163,0.04833981271958379,1205.0,18046.0,0.027317347255599332,-0.00010487674016157929,0.0,39720.0,-8.010969460035098e-05,0.0,0
0.06827053120393689,0.048334242576780526,1206.0,18048.0,0.027045214001587874,-0.00010487674016160425,0.0,39720.0,-8.010969460035098e-05,0.0,0
0.06799555934724122,0.048328696201287574,1207.0,18050.0,0.02677578852038514,-0.00010487674016159826,0.0,39720.0,-8.010969460035098e-05,0.0,0
0.067715015164657,0.048314896670047694,1208.0,18055.0,0.0265090438690408,-0.00010487674016160542,0.0,39720.0,-8.010969460035098e-05,0.0,0
0.06744542319542765,0.04830939519715251,1209.0,18057.0,0.026244953372706655,-0.00010487674016160937,0.0,39720.0,-8.010969460035098e-05,0.0,0
0.06717573443632047,0.048301169188784465,1210.0,18060.0,0.0259834906219675,-0.000104876740161596,0.0,39720.0,-8.010969460035098e-05,0.0,0
0.0669141410214419,0.04829843692567468,1211.0,18061.0,0.025724629470198723,-0.00010487674016159647,0.0,39720.0,-8.010969460035098e-05,0.0,0
0.06665513581806415,0.04829571716154535,1212.0,18062.0,0.025468344030950312,-0.00010487674016160853,0.0,39720.0,-8.010969460035098e-05,0.0,0
0.06639868936649301,0.04829300606556749,1213.0,18063.0,0.025214608675356992,-0.00010487674016158265,0.0,39720.0,-8.010969460035098e-05,0.0,0
0.06614747872071025,0.04829300606556749,1214.0,18063.0,0.024963398029574268,-0.00010487674016160886,0.0,39720.0,-8.010969460035098e-05,0.0,0
0.06589339688519909,0.04828763528739064,1215.0,18065.0,0.02471468697223994,-0.00010487674016157715,0.0,39720.0,-8.010969460035098e-05,0.0,0
0.0656418041387446,0.04828227888121494,1216.0,18067.0,0.02446845063196117,-0.0001048767401616191,0.0,39720.0,-8.010969460035098e-05,0.0,0
0.06539801789160997,0.04828227888121494,1217.0,18067.0,0.02422466438482651,-0.00010487674016158658,0.0,39720.0,-8.010969460035098e-05,0.0,0
0.06515665735872615,0.04828227888121494,1218.0,18067.0,0.023983303851942715,-0.00010487674016159491,0.0,39720.0,-8.010969460035098e-05,0.0,0
0.06491769840377962,0.04828227888121494,1219.0,18067.0,0.023744344896996172,-0.00010487674016160921,0.0,39720.0,-8.010969460035098e-05,0.0,0
0.06468111713062223,0.04828227888121494,1220.0,18067.0,0.023507763623838794,-0.00010487674016159944,0.0,39720.0,-8.010969460035098e-05,0.0,0
0.06444688988088107,0.04828227888121494,1221.0,18067.0,0.023273536374097625,-0.00010487674016159809,0.0,39720.0,-8.010969460035098e-05,0.0,0
0.06421499323159219,0.04828227888121494,1222.0,18067.0,0.02304163972480873,-0.00010487674016158657,0.0,39720.0,-8.010969460035098e-05,0.0,0
0.0639854039928577,0.04828227888121494,1223.0,18067.0,0.02281205048607424,-0.00010487674016159783,0.0,39720.0,-8.010969460035098e-05,0.0,0
0.06375809920552657,0.04828227888121494,1224.0,18067.0,0.02258474569874312,-0.00010487674016160052,0.0,39720.0,-8.010969460035098e-05,0.0,0
0.06353305613889819,0.04828227888121494,1225.0,18067.0,0.022359702632114745,-0.00010487674016158776,0.0,39720.0,-8.010969460035098e-05,0.0,0
0.06331025228844897,0.04828227888121494,1226.0,18067.0,0.022136898781665516,-0.00010487674016157822,0.0,39720.0,-8.010969460035098e-05,0.0,0
0.0630896653735816,0.04828227888121494,1227.0,18067.0,0.021916311866798144,-0.00010487674016158713,0.0,39720.0,-8.010969460035098e-05,0.0,0
0.06287127333539674,0.04828227888121494,1228.0,18067.0,0.0216979198286133,-0.00010487674016159475,0.0,39720.0,-8.010969460035098e-05,0.0,0
0.06265505433448683,0.04828227888121494,1229.0,18067.0,0.02148170082770338,-0.00010487674016160448,0.0,39720.0,-8.010969460035098e-05,0.0,0
0.062440986748751884,0.04828227888121494,1230.0,18067.0,0.021267633241968443,-0.0001048767401616076,0.0,39720.0,-8.010969460035098e-05,0.0,0
0.06222904917123714,0.04828227888121494,1231.0,18067.0,0.021055695664453693,-0.00010487674016160326,0.0,39720.0,-8.010969460035098e-05,0.0,0
0.06201922040799211,0.04828227888121494,1232.0,18067.0,0.020845866901208657,-0.00010487674016158654,0.0,39720.0,-8.010969460035098e-05,0.0,0
0.061811479475950996,0.04828227888121494,1233.0,18067.0,0.020638125969167552,-0.0001048767401616004,0.0,39720.0,-8.010969460035098e-05,0.0,0
0.061605805600834326,0.04828227888121494,1234.0,18067.0,0.020432452094050868,-0.00010487674016159487,0.0,39720.0,-8.010969460035098e-05,0.0,0
0.06140217821507121,0.04828227888121494,1235.0,18067.0,0.02022882470828776,-0.00010487674016159237,0.0,39720.0,-8.010969460035098e-05,0.0,0
0.061200576955742596,0.04828227888121494,1236.0,18067.0,0.020027223448959144,-0.00010487674016159027,0.0,39720.0,-8.010969460035098e-05,0.0,0
0.06100098166254477,0.04828227888121494,1237.0,18067.0,0.01982762815576131,-0.00010487674016158192,0.0,39720.0,-8.010969460035098e-05,0.0,0
0.0608033723757732,0.04828227888121494,1238.0,18067.0,0.01963001886898977,-0.00010487674016160768,0.0,39720.0,-8.010969460035098e-05,0.0,0
0.06060772933432661,0.04828227888121494,1239.0,18067.0,0.01943437582754314,-0.00010487674016157984,0.0,39720.0,-8.010969460035098e-05,0.0,0
0.06041403297373049,0.04828227888121494,1240.0,18067.0,0.01924067946694703,-0.00010487674016158327,0.0,39720.0,-8.010969460035098e-05,0.0,0
0.060222263924180855,0.04828227888121494,1241.0,18067.0,0.019048910417397404,-0.0001048767401615898,0.0,39720.0,-8.010969460035098e-05,0.0,0
0.060032403008607,0.04828227888121494,1242.0,18067.0,0.01885904950182355,-0.00010487674016159513,0.0,39720.0,-8.010969460035098e-05,0.0,0
0.0598444312407538,0.04828227888121494,1243.0,18067.0,0.01867107773397035,-0.00010487674016158598,0.0,39720.0,-8.010969460035098e-05,0.0,0
0.059658329823282966,0.04828227888121494,1244.0,18067.0,0.018484976316499504,-0.00010487674016158507,0.0,39720.0,-8.010969460035098e-05,0.0,0
0.05947408014589324,0.04828227888121494,1245.0,18067.0,0.018300726639109796,-0.00010487674016159987,0.0,39720.0,-8.010969460035098e-05,0.0,0
0.05929166378345941,0.04828227888121494,1246.0,18067.0,0.018118310276675948,-0.00010487674016158619,0.0,39720.0,-8.010969460035098e-05,0.0,0
0.05911106249418959,0.04828227888121494,1247.0,18067.0,0.01793770898740613,-0.00010487674016159162,0.0,39720.0,-8.010969460035098e-05,0.0,0
0.05893225821780111,0.04828227888121494,1248.0,18067.0,0.01775890471101766,-0.00010487674016159215,0.0,39720.0,-8.010969460035098e-05,0.0,0
0.05875523307371441,0.04828227888121494,1249.0,18067.0,0.01758187956693094,-0.00010487674016158353,0.0,39720.0,-8.010969460035098e-05,0.0,0
0.05857996935926482,0.04828227888121494,1250.0,18067.0,0.017406615852481377,-0.00010487674016159609,0.0,39720.0,-8.010969460035098e-05,0.0,0
0.05840644954793252,0.04828227888121494,1251.0,18067.0,0.017233096041149056,-0.00010487674016158354,0.0,39720.0,-8.010969460035098e-05,0.0,0
0.05823465628758954,0.04828227888121494,1252.0,18067.0,0.01706130278080607,-0.00010487674016157113,0.0,39720.0,-8.010969460035098e-05,0.0,0
0.05806457239876472,0.04828227888121494,1253.0,18067.0,0.016891218891981245,-0.00010487674016156762,0.0,39720.0,-8.010969460035098e-05,0.0,0
0.05789618087292562,0.04828227888121494,1254.0,18067.0,0.016722827366142178,-0.00010487674016160452,0.0,39720.0,-8.010969460035098e-05,0.0,0
0.05772946487077778,0.04828227888121494,1255.0,18067.0,0.01655611136399434,-0.00010487674016161077,0.0,39720.0,-8.010969460035098e-05,0.0,0
0.05756440772058058,0.04828227888121494,1256.0,18067.0,0.016391054213797128,-0.00010487674016158747,0.0,39720.0,-8.010969460035098e-05,0.0,0
0.057400992916480105,0.04828227888121494,1257.0,18067.0,0.016227639409696643,-0.00010487674016157915,0.0,39720.0,-8.010969460035098e-05,0.0,0
0.05723920411685855,0.04828227888121494,1258.0,18067.0,0.0160658506100751,-0.0001048767401615834,0.0,39720.0,-8.010969460035098e-05,0.0,0
0.057079025142700086,0.04828227888121494,1259.0,18067.0,0.01590567163591663,-0.00010487674016158844,0.0,39720.0,-8.010969460035098e-05,0.0,0
0.056920439975972806,0.04828227888121494,1260.0,18067.0,0.015747086469189358,-0.00010487674016159802,0.0,39720.0,-8.010969460035098e-05,0.0,0
0.05676343275802701,0.04828227888121494,1261.0,18067.0,0.015590079251243564,-0.00010487674016159121,0.0,39720.0,-8.010969460035098e-05,0.0,0
0.05660798778800926,0.04828227888121494,1262.0,18067.0,0.015434634281225811,-0.00010487674016159379,0.0,39720.0,-8.010969460035098e-05,0.0,0
0.0564540895212923,0.04828227888121494,1263.0,18067.0,0.015280736014508843,-0.00010487674016158503,0.0,39720.0,-8.010969460035098e-05,0.0,0
0.056301722567920515,0.04828227888121494,1264.0,18067.0,0.015128369061137069,-0.00010487674016159682,0.0,39720.0,-8.010969460035098e-05,0.0,0
0.05615087169107103,0.04828227888121494,1265.0,18067.0,0.0149775181842876,-0.00010487674016160523,0.0,39720.0,-8.010969460035098e-05,0.0,0
0.05600152180552991,0.04828227888121494,1266.0,18067.0,0.014828168298746476,-0.00010487674016160867,0.0,39720.0,-8.010969460035098e-05,0.0,0
0.05585365797618367,0.04828227888121494,1267.0,18067.0,0.014680304469400232,-0.00010487674016160142,0.0,39720.0,-8.010969460035098e-05,0.0,0
0.055707265416525716,0.04828227888121494,1268.0,18067.0,0.014533911909742252,-0.00010487674016157834,0.0,39720.0,-8.010969460035098e-05,0.0,0
0.05556232948717763,0.04828227888121494,1269.0,18067.0,0.014388975980394177,-0.00010487674016158983,0.0,39720.0,-8.010969460035098e-05,0.0,0
0.05541883569442539,0.04828227888121494,1270.0,18067.0,0.01424548218764194,-0.00010487674016158601,0.0,39720.0,-8.010969460035098e-05,0.0,0
0.05527676968876979,0.04828227888121494,1271.0,18067.0,0.014103416181986354,-0.00010487674016160493,0.0,39720.0,-8.010969460035098e-05,0.0,0
0.05513611726349164,0.04828227888121494,1272.0,18067.0,0.01396276375670817,-0.00010487674016157093,0.0,39720.0,-8.010969460035098e-05,0.0,0
0.05499686435323085,0.04828227888121494,1273.0,18067.0,0.013823510846447394,-0.00010487674016158582,0.0,39720.0,-8.010969460035098e-05,0.0,0
0.05485899703258014,0.04828227888121494,1274.0,18067.0,0.013685643525796695,-0.00010487674016158654,0.0,39720.0,-8.010969460035098e-05,0.0,0
0.05472250151469237,0.04828227888121494,1275.0,18067.0,0.013549148007908905,-0.0001048767401615804,0.0,39720.0,-8.010969460035098e-05,0.0,0
0.05458736414990174,0.04828227888121494,1276.0,18067.0,0.013414010643118304,-0.00010487674016160062,0.0,39720.0,-8.010969460035098e-05,0.0,0
0.05445357142435903,0.04828227888121494,1277.0,18067.0,0.013280217917575601,-0.0001048767401616133,0.0,39720.0,-8.010969460035098e-05,0.0,0
0.05432110995868003,0.04828227888121494,1278.0,18067.0,0.013147756451896593,-0.00010487674016160391,0.0,39720.0,-8.010969460035098e-05,0.0,0
0.05418996650660763,0.04828227888121494,1279.0,18067.0,0.013016612999824182,-0.00010487674016159548,0.0,39720.0,-8.010969460035098e-05,0.0,0
0.0540601279536872,0.04828227888121494,1280.0,18067.0,0.012886774446903742,-0.00010487674016158333,0.0,39720.0,-8.010969460035098e-05,0.0,0
0.05393158131595511,0.04828227888121494,1281.0,18067.0,0.012758227809171666,-0.00010487674016159459,0.0,39720.0,-8.010969460035098e-05,0.0,0
0.05380431373864038,0.04828227888121494,1282.0,18067.0,0.012630960231856931,-0.00010487674016160328,0.0,39720.0,-8.010969460035098e-05,0.0,0
0.053678312494879137,0.04828227888121494,1283.0,18067.0,0.01250495898809567,-0.00010487674016158308,0.0,39720.0,-8.010969460035098e-05,0.0,0
0.053553564984441866,0.04828227888121494,1284.0,18067.0,0.012380211477658411,-0.00010487674016158644,0.0,39720.0,-8.010969460035098e-05,0.0,0
0.05343005873247353,0.04828227888121494,1285.0,18067.0,0.012256705225690081,-0.00010487674016158293,0.0,39720.0,-8.010969460035098e-05,0.0,0
0.05330778138824592,0.04828227888121494,1286.0,18067.0,0.012134427881462465,-0.00010487674016158865,0.0,39720.0,-8.010969460035098e-05,0.0,0
0.05318672072392265,0.04828227888121494,1287.0,18067.0,0.012013367217139196,-0.0001048767401615823,0.0,39720.0,-8.010969460035098e-05,0.0,0
0.05306686463333634,0.04828227888121494,1288.0,18067.0,0.011893511126552889,-0.00010487674016159844,0.0,39720.0,-8.010969460035098e-05,0.0,0
0.05294820113077802,0.04828227888121494,1289.0,18067.0,0.011774847623994564,-0.00010487674016157934,0.0,39720.0,-8.010969460035098e-05,0.0,0
0.05283071834979845,0.04828227888121494,1290.0,18067.0,0.01165736484301501,-0.00010487674016159205,0.0,39720.0,-8.010969460035098e-05,0.0,0
0.05271440454202164,0.04828227888121494,1291.0,18067.0,0.011541051035238196,-0.00010487674016160009,0.0,39720.0,-8.010969460035098e-05,0.0,0
0.052599248075969815,0.04828227888121494,1292.0,18067.0,0.011425894569186372,-0.00010487674016159783,0.0,39720.0,-8.010969460035098e-05,0.0,0
0.05248523743590037,0.04828227888121494,1293.0,18067.0,0.011311883929116934,-0.0001048767401615993,0.0,39720.0,-8.010969460035098e-05,0.0,0
0.052372361220654286,0.04828227888121494,1294.0,18067.0,0.011199007713870827,-0.00010487674016158011,0.0,39720.0,-8.010969460035098e-05,0.0,0
0.05226060814251589,0.04828227888121494,1295.0,18067.0,0.011087254635732444,-0.00010487674016159554,0.0,39720.0,-8.010969460035098e-05,0.0,0
0.05214996702608425,0.04828227888121494,1296.0,18067.0,0.010976613519300812,-0.00010487674016159853,0.0,39720.0,-8.010969460035098e-05,0.0,0
0.052040426807155496,0.04828227888121494,1297.0,18067.0,0.010867073300372052,-0.000104876740161595,0.0,39720.0,-8.010969460035098e-05,0.0,0
0.05193197653161643,0.04828227888121494,1298.0,18067.0,0.010758623024832978,-0.00010487674016158857,0.0,39720.0,-8.010969460035098e-05,0.0,0
0.05182460535434909,0.04828227888121494,1299.0,18067.0,0.010651251847565633,-0.00010487674016159627,0.0,39720.0,-8.010969460035098e-05,0.0,0
0.051718302538146244,0.04828227888121494,1300.0,18067.0,0.010544949031362804,-0.00010487674016160088,0.0,39720.0,-8.010969460035098e-05,0.0,0
0.05161305745263772,0.04828227888121494,1301.0,18067.0,0.010439703945854268,-0.0001048767401615877,0.0,39720.0,-8.010969460035098e-05,0.0,0
0.051508859573227206,0.04828227888121494,1302.0,18067.0,0.010335506066443751,-0.00010487674016158888,0.0,39720.0,-8.010969460035098e-05,0.0,0
0.05140569848003992,0.04828227888121494,1303.0,18067.0,0.010232344973256462,-0.0001048767401615944,0.0,39720.0,-8.010969460035098e-05,0.0,0
0.051303563856880556,0.04828227888121494,1304.0,18067.0,0.01013021035009712,-0.00010487674016160135,0.0,39720.0,-8.010969460035098e-05,0.0,0
0.051202445490201726,0.04828227888121494,1305.0,18067.0,0.010029091983418257,-0.00010487674016157342,0.0,39720.0,-8.010969460035098e-05,0.0,0
0.05110233326808242,0.04828227888121494,1306.0,18067.0,0.009928979761298962,-0.00010487674016158747,0.0,39720.0,-8.010969460035098e-05,0.0,0
0.05100321717921701,0.04828227888121494,1307.0,18067.0,0.009829863672433558,-0.00010487674016158602,0.0,39720.0,-8.010969460035098e-05,0.0,0
0.05090508731191403,0.04828227888121494,1308.0,18067.0,0.009731733805130571,-0.0001048767401615831,0.0,39720.0,-8.010969460035098e-05,0.0,0
0.050807933853104933,0.04828227888121494,1309.0,18067.0,0.009634580346321486,-0.00010487674016158998,0.0,39720.0,-8.010969460035098e-05,0.0,0
0.0507117470873629,0.04828227888121494,1310.0,18067.0,0.009538393580579443,-0.00010487674016158108,0.0,39720.0,-8.010969460035098e-05,0.0,0
0.05061651739593116,0.04828227888121494,1311.0,18067.0,0.00944316388914772,-0.00010487674016159696,0.0,39720.0,-8.010969460035098e-05,0.0,0
0.050522235255761265,0.04828227888121494,1312.0,18067.0,0.009348881748977805,-0.0001048767401615835,0.0,39720.0,-8.010969460035098e-05,0.0,0
0.050428891238560564,0.04828227888121494,1313.0,18067.0,0.009255537731777107,-0.00010487674016158415,0.0,39720.0,-8.010969460035098e-05,0.0,0
0.050336476009849564,0.04828227888121494,1314.0,18067.0,0.009163122503066116,-0.00010487674016159475,0.0,39720.0,-8.010969460035098e-05,0.0,0
0.05024498032802838,0.04828227888121494,1315.0,18067.0,0.009071626821244943,-0.00010487674016160069,0.0,39720.0,-8.010969460035098e-05,0.0,0
0.05015439504345258,0.04828227888121494,1316.0,18067.0,0.00898104153666915,-0.00010487674016160908,0.0,39720.0,-8.010969460035098e-05,0.0,0
0.05006471109751824,0.04828227888121494,1317.0,18067.0,0.008891357590734792,-0.0001048767401615918,0.0,39720.0,-8.010969460035098e-05,0.0,0
0.04997591952175599,0.04828227888121494,1318.0,18067.0,0.008802566014972545,-0.00010487674016158764,0.0,39720.0,-8.010969460035098e-05,0.0,0
0.04988801143693428,0.04828227888121494,1319.0,18067.0,0.008714657930150823,-0.00010487674016158461,0.0,39720.0,-8.010969460035098e-05,0.0,0
0.049800978052171346,0.04828227888121494,1320.0,18067.0,0.008627624545387897,-0.0001048767401615895,0.0,39720.0,-8.010969460035098e-05,0.0,0
0.0497148106640562,0.04828227888121494,1321.0,18067.0,0.008541457157272744,-0.00010487674016158808,0.0,39720.0,-8.010969460035098e-05,0.0,0
0.049629500655778216,0.04828227888121494,1322.0,18067.0,0.008456147148994758,-0.00010487674016157982,0.0,39720.0,-8.010969460035098e-05,0.0,0
0.04954503949626547,0.04828227888121494,1323.0,18067.0,0.008371685989482019,-0.00010487674016158976,0.0,39720.0,-8.010969460035098e-05,0.0,0
0.04946141873933163,0.04828227888121494,1324.0,18067.0,0.008288065232548174,-0.00010487674016158017,0.0,39720.0,-8.010969460035098e-05,0.0,0
0.049378630022831306,0.04828227888121494,1325.0,18067.0,0.008205276516047863,-0.00010487674016159562,0.0,39720.0,-8.010969460035098e-05,0.0,0
0.04929666506782388,0.04828227888121494,1326.0,18067.0,0.00812331156104043,-0.00010487674016158409,0.0,39720.0,-8.010969460035098e-05,0.0,0
0.049215515677745514,0.04828227888121494,1327.0,18067.0,0.008042162170962073,-0.00010487674016159588,0.0,39720.0,-8.010969460035098e-05,0.0,0
0.04913517373758959,0.04828227888121494,1328.0,18067.0,0.00796182023080616,-0.000104876740161608,0.0,39720.0,-8.010969460035098e-05,0.0,0
0.04905563121309517,0.04828227888121494,1329.0,18067.0,0.007882277706311714,-0.00010487674016158804,0.0,39720.0,-8.010969460035098e-05,0.0,0
0.04897688014994347,0.04828227888121494,1330.0,18067.0,0.007803526643160015,-0.00010487674016159124,0.0,39720.0,-8.010969460035098e-05,0.0,0
0.048898912672962556,0.04828227888121494,1331.0,18067.0,0.0077255591661791094,-0.00010487674016159974,0.0,39720.0,-8.010969460035098e-05,0.0,0
0.04882172098533979,0.04828227888121494,1332.0,18067.0,0.007648367478556329,-0.0001048767401615806,0.0,39720.0,-8.010969460035098e-05,0.0,0
0.04874529736784203,0.04828227888121494,1333.0,18067.0,0.007571943861058582,-0.00010487674016158914,0.0,39720.0,-8.010969460035098e-05,0.0,0
0.048669634178043875,0.04828227888121494,1334.0,18067.0,0.007496280671260435,-0.0001048767401616028,0.0,39720.0,-8.010969460035098e-05,0.0,0
0.0485947238495633,0.04828227888121494,1335.0,18067.0,0.007421370342779849,-0.0001048767401615914,0.0,39720.0,-8.010969460035098e-05,0.0,0
0.04852055889130502,0.04828227888121494,1336.0,18067.0,0.007347205384521554,-0.00010487674016157862,0.0,39720.0,-8.010969460035098e-05,0.0,0
0.04844713188671137,0.04828227888121494,1337.0,18067.0,0.007273778379927926,-0.00010487674016159554,0.0,39720.0,-8.010969460035098e-05,0.0,0
0.04837443549302075,0.04828227888121494,1338.0,18067.0,0.0072010819862373,-0.00010487674016158985,0.0,39720.0,-8.010969460035098e-05,0.0,0
0.048302462440533184,0.04828227888121494,1339.0,18067.0,0.00712910893374974,-0.00010487674016159608,0.0,39720.0,-8.010969460035098e-05,0.0,0
0.04823120553188345,0.04828227888121494,1340.0,18067.0,0.0070578520251000035,-0.00010487674016159219,0.0,39720.0,-8.010969460035098e-05,0.0,0
0.048160657641321325,0.04828227888121494,1341.0,18067.0,0.006987304134537866,-0.0001048767401615792,0.0,39720.0,-8.010969460035098e-05,0.0,0
0.04809081171399892,0.04828227888121494,1342.0,18067.0,0.006917458207215465,-0.00010487674016158896,0.0,39720.0,-8.010969460035098e-05,0.0,0
0.04802166076526532,0.04828227888121494,1343.0,18067.0,0.006848307258481869,-0.00010487674016159487,0.0,39720.0,-8.010969460035098e-05,0.0,0
0.04795319787996803,0.04828227888121494,1344.0,18067.0,0.006779844373184578,-0.00010487674016158604,0.0,39720.0,-8.010969460035098e-05,0.0,0
0.04788541621176145,0.04828227888121494,1345.0,18067.0,0.006712062704978005,-0.00010487674016159567,0.0,39720.0,-8.010969460035098e-05,0.0,0
0.047818308982422286,0.04828227888121494,1346.0,18067.0,0.006644955475638852,-0.00010487674016161072,0.0,39720.0,-8.010969460035098e-05,0.0,0
0.047751869481171695,0.04828227888121494,1347.0,18067.0,0.006578515974388253,-0.00010487674016159612,0.0,39720.0,-8.010969460035098e-05,0.0,0
0.04768609106400417,0.04828227888121494,1348.0,18067.0,0.006512737557220725,-0.00010487674016159613,0.0,39720.0,-8.010969460035098e-05,0.0,0
0.04762096715302317,0.04828227888121494,1349.0,18067.0,0.006447613646239722,-0.00010487674016159729,0.0,39720.0,-8.010969460035098e-05,0.0,0
0.04755649123578335,0.04828227888121494,1350.0,18067.0,0.006383137728999901,-0.0001048767401615891,0.0,39720.0,-8.010969460035098e-05,0.0,0
0.047492656864639236,0.04828227888121494,1351.0,18067.0,0.006319303357855783,-0.00010487674016158249,0.0,39720.0,-8.010969460035098e-05,0.0,0
0.04742945765610051,0.04828227888121494,1352.0,18067.0,0.006256104149317068,-0.00010487674016159708,0.0,39720.0,-8.010969460035098e-05,0.0,0
0.04736688729019369,0.04828227888121494,1353.0,18067.0,0.006193533783410236,-0.00010487674016158842,0.0,39720.0,-8.010969460035098e-05,0.0,0
0.04730493950983001,0.04828227888121494,1354.0,18067.0,0.006131586003046552,-0.00010487674016158627,0.0,39720.0,-8.010969460035098e-05,0.0,0
0.047243608120179824,0.04828227888121494,1355.0,18067.0,0.006070254613396359,-0.0001048767401615746,0.0,39720.0,-8.010969460035098e-05,0.0,0
0.047182886988053035,0.04828227888121494,1356.0,18067.0,0.0060095334812695815,-0.00010487674016158314,0.0,39720.0,-8.010969460035098e-05,0.0,0
0.04712277004128586,0.04828227888121494,1357.0,18067.0,0.005949416534502402,-0.0001048767401615899,0.0,39720.0,-8.010969460035098e-05,0.0,0
0.04706325126813351,0.04828227888121494,1358.0,18067.0,0.005889897761350049,-0.00010487674016158823,0.0,39720.0,-8.010969460035098e-05,0.0,0
0.04700432471666906,0.04828227888121494,1359.0,18067.0,0.005830971209885608,-0.00010487674016159279,0.0,39720.0,-8.010969460035098e-05,0.0,0
0.046945984494188284,0.04828227888121494,1360.0,18067.0,0.0057726309874048245,-0.00010487674016157883,0.0,39720.0,-8.010969460035098e-05,0.0,0
0.0468882247666203,0.04828227888121494,1361.0,18067.0,0.005714871259836839,-0.0001048767401615758,0.0,39720.0,-8.010969460035098e-05,0.0,0
0.04683103975794421,0.04828227888121494,1362.0,18067.0,0.005657686251160757,-0.00010487674016158822,0.0,39720.0,-8.010969460035098e-05,0.0,0
0.046774423749611514,0.04828227888121494,1363.0,18067.0,0.005601070242828064,-0.00010487674016158788,0.0,39720.0,-8.010969460035098e-05,0.0,0
0.04671837107997418,0.04828227888121494,1364.0,18067.0,0.005545017573190731,-0.00010487674016158831,0.0,39720.0,-8.010969460035098e-05,0.0,0
0.04666287614371854,0.04828227888121494,1365.0,18067.0,0.005489522636935095,-0.00010487674016158617,0.0,39720.0,-8.010969460035098e-05,0.0,0
0.04660793339130473,0.04828227888121494,1366.0,18067.0,0.005434579884521285,-0.00010487674016159634,0.0,39720.0,-8.010969460035098e-05,0.0,0
0.04655353732841172,0.04828227888121494,1367.0,18067.0,0.005380183821628264,-0.00010487674016158746,0.0,39720.0,-8.010969460035098e-05,0.0,0
0.04649968251538787,0.04828227888121494,1368.0,18067.0,0.005326329008604423,-0.00010487674016159337,0.0,39720.0,-8.010969460035098e-05,0.0,0
0.046446363566707026,0.04828227888121494,1369.0,18067.0,0.005273010059923581,-0.00010487674016159707,0.0,39720.0,-8.010969460035098e-05,0.0,0
0.04639357515042988,0.04828227888121494,1370.0,18067.0,0.005220221643646428,-0.00010487674016158937,0.0,39720.0,-8.010969460035098e-05,0.0,0
0.0463413119876708,0.04828227888121494,1371.0,18067.0,0.0051679584808873545,-0.00010487674016159257,0.0,39720.0,-8.010969460035098e-05,0.0,0
0.04628956885206997,0.04828227888121494,1372.0,18067.0,0.005116215345286528,-0.0001048767401615961,0.0,39720.0,-8.010969460035098e-05,0.0,0
0.04623834056927072,0.04828227888121494,1373.0,18067.0,0.005064987062487265,-0.00010487674016158609,0.0,39720.0,-8.010969460035098e-05,0.0,0
0.04618762201640206,0.04828227888121494,1374.0,18067.0,0.005014268509618604,-0.00010487674016158615,0.0,39720.0,-8.010969460035098e-05,0.0,0
0.046137408121566435,0.04828227888121494,1375.0,18067.0,0.004964054614782987,-0.00010487674016158707,0.0,39720.0,-8.010969460035098e-05,0.0,0
0.04608769386333253,0.04828227888121494,1376.0,18067.0,0.004914340356549086,-0.00010487674016159112,0.0,39720.0,-8.010969460035098e-05,0.0,0
0.046038474270233096,0.04828227888121494,1377.0,18067.0,0.004865120763449646,-0.00010487674016158737,0.0,39720.0,-8.010969460035098e-05,0.0,0
0.04598974442026778,0.04828227888121494,1378.0,18067.0,0.004816390913484348,-0.00010487674016161363,0.0,39720.0,-8.010969460035098e-05,0.0,0
0.04594149944041104,0.04828227888121494,1379.0,18067.0,0.004768145933627576,-0.000104876740161579,0.0,39720.0,-8.010969460035098e-05,0.0,0
0.04589373450612461,0.04828227888121494,1380.0,18067.0,0.004720380999341155,-0.00010487674016157963,0.0,39720.0,-8.010969460035098e-05,0.0,0
0.04584644484087528,0.04828227888121494,1381.0,18067.0,0.004673091334091844,-0.00010487674016159867,0.0,39720.0,-8.010969460035098e-05,0.0,0
0.04579962571565716,0.04828227888121494,1382.0,18067.0,0.004626272208873702,-0.00010487674016158883,0.0,39720.0,-8.010969460035098e-05,0.0,0
0.04575327244851866,0.04828227888121494,1383.0,18067.0,0.004579918941735206,-0.00010487674016158219,0.0,39720.0,-8.010969460035098e-05,0.0,0
0.04570738040409446,0.04828227888121494,1384.0,18067.0,0.004534026897311006,-0.00010487674016158929,0.0,39720.0,-8.010969460035098e-05,0.0,0
0.045661944993141856,0.04828227888121494,1385.0,18067.0,0.004488591486358418,-0.00010487674016160627,0.0,39720.0,-8.010969460035098e-05,0.0,0
0.04561696167208192,0.04828227888121494,1386.0,18067.0,0.004443608165298478,-0.00010487674016159693,0.0,39720.0,-8.010969460035098e-05,0.0,0
0.04557242594254504,0.04828227888121494,1387.0,18067.0,0.0043990724357616025,-0.0001048767401616004,0.0,39720.0,-8.010969460035098e-05,0.0,0
0.04552833335092117,0.04828227888121494,1388.0,18067.0,0.004354979844137721,-0.00010487674016158365,0.0,39720.0,-8.010969460035098e-05,0.0,0
0.04548467948791437,0.04828227888121494,1389.0,18067.0,0.004311325981130928,-0.00010487674016159272,0.0,39720.0,-8.010969460035098e-05,0.0,0
0.04544145998810198,0.04828227888121494,1390.0,18067.0,0.004268106481318542,-0.0001048767401616003,0.0,39720.0,-8.010969460035098e-05,0.0,0
0.04539867052949802,0.04828227888121494,1391.0,18067.0,0.004225317022714568,-0.00010487674016158947,0.0,39720.0,-8.010969460035098e-05,0.0,0
0.04535630683312094,0.04828227888121494,1392.0,18067.0,0.004182953326337486,-0.00010487674016158484,0.0,39720.0,-8.010969460035098e-05,0.0,0
0.0453143646625658,0.04828227888121494,1393.0,18067.0,0.0041410111557823575,-0.0001048767401615967,0.0,39720.0,-8.010969460035098e-05,0.0,0
0.0452728398235806,0.04828227888121494,1394.0,18067.0,0.004099486316797172,-0.00010487674016161198,0.0,39720.0,-8.010969460035098e-05,0.0,0
0.04523172816364689,0.04828227888121494,1395.0,18067.0,0.0040583746568634265,-0.000104876740161584,0.0,39720.0,-8.010969460035098e-05,0.0,0
0.04519102557156431,0.04828227888121494,1396.0,18067.0,0.0040176720647808715,-0.00010487674016160367,0.0,39720.0,-8.010969460035098e-05,0.0,0
0.04515072797703983,0.04828227888121494,1397.0,18067.0,0.003977374470256378,-0.00010487674016158776,0.0,39720.0,-8.010969460035098e-05,0.0,0
0.04511083135028037,0.04828227888121494,1398.0,18067.0,0.0039374778434969155,-0.00010487674016158711,0.0,39720.0,-8.010969460035098e-05,0.0,0
0.045071331701590014,0.04828227888121494,1399.0,18067.0,0.003897978194806554,-0.00010487674016157456,0.0,39720.0,-8.010969460035098e-05,0.0,0
0.04503222508097097,0.04828227888121494,1400.0,18067.0,0.0038588715741875107,-0.0001048767401615796,0.0,39720.0,-8.010969460035098e-05,0.0,0
0.044993507577728575,0.04828227888121494,1401.0,18067.0,0.003820154070945131,-0.00010487674016159612,0.0,39720.0,-8.010969460035098e-05,0.0,0
0.04495517532008028,0.04828227888121494,1402.0,18067.0,0.0037818218132968356,-0.00010487674016159325,0.0,39720.0,-8.010969460035098e-05,0.0,0
0.04491722447476835,0.04828227888121494,1403.0,18067.0,0.003743870967984905,-0.00010487674016159811,0.0,39720.0,-8.010969460035098e-05,0.0,0
0.04487965124667663,0.04828227888121494,1404.0,18067.0,0.0037062977398931913,-0.00010487674016159832,0.0,39720.0,-8.010969460035098e-05,0.0,0
0.04484245187845101,0.04828227888121494,1405.0,18067.0,0.0036690983716675713,-0.00010487674016160338,0.0,39720.0,-8.010969460035098e-05,0.0,0
0.04480562265012367,0.04828227888121494,1406.0,18067.0,0.0036322691433402225,-0.00010487674016159502,0.0,39720.0,-8.010969460035098e-05,0.0,0
0.04476915987874107,0.04828227888121494,1407.0,18067.0,0.0035958063719576184,-0.00010487674016159616,0.0,39720.0,-8.010969460035098e-05,0.0,0
0.044733059917995685,0.04828227888121494,1408.0,18067.0,0.0035597064112122376,-0.00010487674016159407,0.0,39720.0,-8.010969460035098e-05,0.0,0
0.04469731915786136,0.04828227888121494,1409.0,18067.0,0.0035239656510779246,-0.00010487674016160155,0.0,39720.0,-8.010969460035098e-05,0.0,0
0.04466193402423232,0.04828227888121494,1410.0,18067.0,0.0034885805174488752,-0.00010487674016159718,0.0,39720.0,-8.010969460035098e-05,0.0,0
0.04462690097856569,0.04828227888121494,1411.0,18067.0,0.0034535474717822443,-0.00010487674016158625,0.0,39720.0,-8.010969460035098e-05,0.0,0
0.044592216517527726,0.04828227888121494,1412.0,18067.0,0.0034188630107442703,-0.00010487674016158357,0.0,39720.0,-8.010969460035098e-05,0.0,0
0.0445578771726434,0.04828227888121494,1413.0,18067.0,0.0033845236658599466,-0.00010487674016158327,0.0,39720.0,-8.010969460035098e-05,0.0,0
0.04452387950994961,0.04828227888121494,1414.0,18067.0,0.003350526003166163,-0.0001048767401615929,0.0,39720.0,-8.010969460035098e-05,0.0,0
0.04449022012965178,0.04828227888121494,1415.0,18067.0,0.0033168666228683254,-0.00010487674016158283,0.0,39720.0,-8.010969460035098e-05,0.0,0
0.044456895665783785,0.04828227888121494,1416.0,18067.0,0.003283542159000348,-0.0001048767401616098,0.0,39720.0,-8.010969460035098e-05,0.0,0
0.044423902785871536,0.04828227888121494,1417.0,18067.0,0.0032505492790880774,-0.0001048767401615833,0.0,39720.0,-8.010969460035098e-05,0.0,0
0.044391238190599494,0.04828227888121494,1418.0,18067.0,0.0032178846838160275,-0.00010487674016157579,0.0,39720.0,-8.010969460035098e-05,0.0,0
0.044358898613480906,0.04828227888121494,1419.0,18067.0,0.003185545106697454,-0.00010487674016158249,0.0,39720.0,-8.010969460035098e-05,0.0,0
0.04432688082053115,0.04828227888121494,1420.0,18067.0,0.003153527313747687,-0.00010487674016157238,0.0,39720.0,-8.010969460035098e-05,0.0,0
0.04429518160994421,0.04828227888121494,1421.0,18067.0,0.0031218281031607583,-0.00010487674016158414,0.0,39720.0,-8.010969460035098e-05,0.0,0
0.04426379781177264,0.04828227888121494,1422.0,18067.0,0.003090444304989191,-0.00010487674016158948,0.0,39720.0,-8.010969460035098e-05,0.0,0
0.04423272628761046,0.04828227888121494,1423.0,18067.0,0.0030593727808270106,-0.00010487674016158769,0.0,39720.0,-8.010969460035098e-05,0.0,0
0.044201963930279364,0.04828227888121494,1424.0,18067.0,0.003028610423495913,-0.00010487674016158235,0.0,39720.0,-8.010969460035098e-05,0.0,0
0.04417150766351798,0.04828227888121494,1425.0,18067.0,0.002998154156734522,-0.00010487674016158459,0.0,39720.0,-8.010969460035098e-05,0.0,0
0.044141354441674246,0.04828227888121494,1426.0,18067.0,0.002968000934890792,-0.0001048767401615826,0.0,39720.0,-8.010969460035098e-05,0.0,0
0.04411150124940085,0.04828227888121494,1427.0,18067.0,0.0029381477426174015,-0.00010487674016158414,0.0,39720.0,-8.010969460035098e-05,0.0,0
0.044081945101353694,0.04828227888121494,1428.0,18067.0,0.0029085915945702536,-0.00010487674016160134,0.0,39720.0,-8.010969460035098e-05,0.0,0
0.04405268304189336,0.04828227888121494,1429.0,18067.0,0.0028793295351099047,-0.00010487674016158292,0.0,39720.0,-8.010969460035098e-05,0.0,0
0.04402371214478948,0.04828227888121494,1430.0,18067.0,0.002850358638006032,-0.0001048767401615905,0.0,39720.0,-8.010969460035098e-05,0.0,0
0.04399502951292821,0.04828227888121494,1431.0,18067.0,0.0028216760061447748,-0.00010487674016159947,0.0,39720.0,-8.010969460035098e-05,0.0,0
0.043966632278022506,0.04828227888121494,1432.0,18067.0,0.0027932787712390485,-0.00010487674016158192,0.0,39720.0,-8.010969460035098e-05,0.0,0
0.043938517600325154,0.04828227888121494,1433.0,18067.0,0.002765164093541702,-0.00010487674016159235,0.0,39720.0,-8.010969460035098e-05,0.0,0
0.043910682668344976,0.04828227888121494,1434.0,18067.0,0.002737329161561532,-0.00010487674016159677,0.0,39720.0,-8.010969460035098e-05,0.0,0
0.043883124698565604,0.04828227888121494,1435.0,18067.0,0.002709771191782142,-0.00010487674016158083,0.0,39720.0,-8.010969460035098e-05,0.0,0
0.04385584093516704,0.04828227888121494,1436.0,18067.0,0.002682487428383597,-0.0001048767401615905,0.0,39720.0,-8.010969460035098e-05,0.0,0
0.043828828649750254,0.04828227888121494,1437.0,18067.0,0.00265547514296681,-0.00010487674016159699,0.0,39720.0,-8.010969460035098e-05,0.0,0
0.043802085141064186,0.04828227888121494,1438.0,18067.0,0.0026287316342807334,-0.00010487674016159601,0.0,39720.0,-8.010969460035098e-05,0.0,0
0.043775607734735676,0.04828227888121494,1439.0,18067.0,0.0026022542279522222,-0.00010487674016158727,0.0,39720.0,-8.010969460035098e-05,0.0,0
0.04374939378300202,0.04828227888121494,1440.0,18067.0,0.002576040276218565,-0.00010487674016158785,0.0,39720.0,-8.010969460035098e-05,0.0,0
0.04372344066444621,0.04828227888121494,1441.0,18067.0,0.002550087157662751,-0.00010487674016157849,0.0,39720.0,-8.010969460035098e-05,0.0,0
0.04369774578373474,0.04828227888121494,1442.0,18067.0,0.002524392276951296,-0.00010487674016159178,0.0,39720.0,-8.010969460035098e-05,0.0,0
0.043672306571358156,0.04828227888121494,1443.0,18067.0,0.002498953064574714,-0.0001048767401615995,0.0,39720.0,-8.010969460035098e-05,0.0,0
0.04364712048337401,0.04828227888121494,1444.0,18067.0,0.002473766976590566,-0.00010487674016159398,0.0,39720.0,-8.010969460035098e-05,0.0,0
0.043622185001152516,0.04828227888121494,1445.0,18067.0,0.0024488314943690707,-0.00010487674016159283,0.0,39720.0,-8.010969460035098e-05,0.0,0
0.043597497631124686,0.04828227888121494,1446.0,18067.0,0.002424144124341225,-0.00010487674016157938,0.0,39720.0,-8.010969460035098e-05,0.0,0
0.043573055904532906,0.04828227888121494,1447.0,18067.0,0.0023997023977494515,-0.00010487674016158587,0.0,39720.0,-8.010969460035098e-05,0.0,0
0.043548857377184176,0.04828227888121494,1448.0,18067.0,0.002375503870400725,-0.00010487674016159138,0.0,39720.0,-8.010969460035098e-05,0.0,0
0.04352489962920559,0.04828227888121494,1449.0,18067.0,0.0023515461224221427,-0.00010487674016160028,0.0,39720.0,-8.010969460035098e-05,0.0,0
0.04350118026480239,0.04828227888121494,1450.0,18067.0,0.002327826758018939,-0.00010487674016159407,0.0,39720.0,-8.010969460035098e-05,0.0,0
0.04347769691201837,0.04828227888121494,1451.0,18067.0,0.002304343405234919,-0.00010487674016158757,0.0,39720.0,-8.010969460035098e-05,0.0,0
0.04345444722249867,0.04828227888121494,1452.0,18067.0,0.00228109371571522,-0.00010487674016158917,0.0,39720.0,-8.010969460035098e-05,0.0,0
0.04343142887125496,0.04828227888121494,1453.0,18067.0,0.0022580753644715268,-0.00010487674016160112,0.0,39720.0,-8.010969460035098e-05,0.0,0
0.04340863955643297,0.04828227888121494,1454.0,18067.0,0.002235286049649524,-0.00010487674016160005,0.0,39720.0,-8.010969460035098e-05,0.0,0
0.04338607699908221,0.04828227888121494,1455.0,18067.0,0.0022127234922987445,-0.00010487674016157205,0.0,39720.0,-8.010969460035098e-05,0.0,0
0.04336373894292809,0.04828227888121494,1456.0,18067.0,0.0021903854361446525,-0.00010487674016159071,0.0,39720.0,-8.010969460035098e-05,0.0,0
0.04334162315414646,0.04828227888121494,1457.0,18067.0,0.0021682696473630104,-0.00010487674016157907,0.0,39720.0,-8.010969460035098e-05,0.0,0
0.043319727421139965,0.04828227888121494,1458.0,18067.0,0.0021463739143565133,-0.00010487674016158634,0.0,39720.0,-8.010969460035098e-05,0.0,0
0.04329804955431707,0.04828227888121494,1459.0,18067.0,0.0021246960475336182,-0.00010487674016159184,0.0,39720.0,-8.010969460035098e-05,0.0,0
0.043276587385873026,0.04828227888121494,1460.0,18067.0,0.002103233879089573,-0.00010487674016158154,0.0,39720.0,-8.010969460035098e-05,0.0,0
0.04325533876957308,0.04828227888121494,1461.0,18067.0,0.0020819852627896474,-0.00010487674016160305,0.0,39720.0,-8.010969460035098e-05,0.0,0
0.04323430158053796,0.04828227888121494,1462.0,18067.0,0.0020609480737545064,-0.00010487674016158028,0.0,39720.0,-8.010969460035098e-05,0.0,0
0.043213473715031155,0.04828227888121494,1463.0,18067.0,0.0020401202082477167,-0.00010487674016159939,0.0,39720.0,-8.010969460035098e-05,0.0,0
0.043192853090248826,0.04828227888121494,1464.0,18067.0,0.0020194995834653656,-0.00010487674016158769,0.0,39720.0,-8.010969460035098e-05,0.0,0
0.04317243764411125,0.04828227888121494,1465.0,18067.0,0.0019990841373278014,-0.00010487674016158216,0.0,39720.0,-8.010969460035098e-05,0.0,0
0.04315222533505684,0.04828227888121494,1466.0,18067.0,0.001978871828273391,-0.00010487674016158762,0.0,39720.0,-8.010969460035098e-05,0.0,0
0.04313221414183782,0.04828227888121494,1467.0,18067.0,0.0019588606350543786,-0.00010487674016160147,0.0,39720.0,-8.010969460035098e-05,0.0,0
0.043112402063318234,0.04828227888121494,1468.0,18067.0,0.0019390485565347782,-0.000104876740161583,0.0,39720.0,-8.010969460035098e-05,0.0,0
0.04309278711827366,0.04828227888121494,1469.0,18067.0,0.0019194336114902219,-0.00010487674016159421,0.0,39720.0,-8.010969460035098e-05,0.0,0
0.043073367345193306,0.04828227888121494,1470.0,18067.0,0.0019000138384098564,-0.00010487674016159525,0.0,39720.0,-8.010969460035098e-05,0.0,0
0.04305414080208363,0.04828227888121494,1471.0,18067.0,0.0018807872953001987,-0.00010487674016159497,0.0,39720.0,-8.010969460035098e-05,0.0,0
0.04303510556627436,0.04828227888121494,1472.0,18067.0,0.0018617520594909063,-0.00010487674016159428,0.0,39720.0,-8.010969460035098e-05,0.0,0
0.04301625973422598,0.04828227888121494,1473.0,18067.0,0.0018429062274425416,-0.00010487674016159958,0.0,39720.0,-8.010969460035098e-05,0.0,0
0.04299760142133964,0.04828227888121494,1474.0,18067.0,0.001824247914556193,-0.00010487674016159035,0.0,39720.0,-8.010969460035098e-05,0.0,0
0.04297912876176848,0.04828227888121494,1475.0,18067.0,0.0018057752549850241,-0.00010487674016158436,0.0,39720.0,-8.010969460035098e-05,0.0,0
0.042960839908231116,0.04828227888121494,1476.0,18067.0,0.001787486401447686,-0.00010487674016161264,0.0,39720.0,-8.010969460035098e-05,0.0,0
0.042942733031827024,0.04828227888121494,1477.0,18067.0,0.0017693795250435754,-0.00010487674016159131,0.0,39720.0,-8.010969460035098e-05,0.0,0
0.04292480632185342,0.04828227888121494,1478.0,18067.0,0.0017514528150699774,-0.0001048767401615958,0.0,39720.0,-8.010969460035098e-05,0.0,0
0.042907057985624386,0.04828227888121494,1479.0,18067.0,0.001733704478840941,-0.00010487674016159741,0.0,39720.0,-8.010969460035098e-05,0.0,0
0.0428894862482915,0.04828227888121494,1480.0,18067.0,0.0017161327415080607,-0.00010487674016159994,0.0,39720.0,-8.010969460035098e-05,0.0,0
0.042872089352666405,0.04828227888121494,1481.0,18067.0,0.0016987358458829566,-0.00010487674016159955,0.0,39720.0,-8.010969460035098e-05,0.0,0
0.04285486555904503,0.04828227888121494,1482.0,18067.0,0.0016815120522615749,-0.00010487674016158037,0.0,39720.0,-8.010969460035098e-05,0.0,0
0.04283781314503363,0.04828227888121494,1483.0,18067.0,0.001664459638250195,-0.00010487674016160267,0.0,39720.0,-8.010969460035098e-05,0.0,0
0.04282093040537665,0.04828227888121494,1484.0,18067.0,0.0016475768985932024,-0.00010487674016159222,0.0,39720.0,-8.010969460035098e-05,0.0,0
0.04280421565178602,0.04828227888121494,1485.0,18067.0,0.0016308621450025684,-0.00010487674016158998,0.0,39720.0,-8.010969460035098e-05,0.0,0
0.042787667212772454,0.04828227888121494,1486.0,18067.0,0.0016143137059890047,-0.00010487674016159696,0.0,39720.0,-8.010969460035098e-05,0.0,0
0.04277128343347827,0.04828227888121494,1487.0,18067.0,0.0015979299266948178,-0.00010487674016158936,0.0,39720.0,-8.010969460035098e-05,0.0,0
0.04275506267551186,0.04828227888121494,1488.0,18067.0,0.001581709168728421,-0.00010487674016159822,0.0,39720.0,-8.010969460035098e-05,0.0,0
0.04273900331678396,0.04828227888121494,1489.0,18067.0,0.001565649810000509,-0.00010487674016159077,0.0,39720.0,-8.010969460035098e-05,0.0,0
0.04272310375134527,0.04828227888121494,1490.0,18067.0,0.0015497502445618197,-0.00010487674016158426,0.0,39720.0,-8.010969460035098e-05,0.0,0
0.04270736238922602,0.04828227888121494,1491.0,18067.0,0.0015340088824425625,-0.00010487674016158754,0.0,39720.0,-8.010969460035098e-05,0.0,0
0.04269177765627685,0.04828227888121494,1492.0,18067.0,0.001518424149493406,-0.00010487674016158677,0.0,39720.0,-8.010969460035098e-05,0.0,0
0.042676347994011515,0.04828227888121494,1493.0,18067.0,0.0015029944872280664,-0.0001048767401615861,0.0,39720.0,-8.010969460035098e-05,0.0,0
0.04266107185945092,0.04828227888121494,1494.0,18067.0,0.001487718352667461,-0.00010487674016157326,0.0,39720.0,-8.010969460035098e-05,0.0,0
0.04264594772496886,0.04828227888121494,1495.0,18067.0,0.0014725942181854042,-0.0001048767401615883,0.0,39720.0,-8.010969460035098e-05,0.0,0
0.042630974078139296,0.04828227888121494,1496.0,18067.0,0.001457620571355847,-0.00010487674016158303,0.0,39720.0,-8.010969460035098e-05,0.0,0
0.04261614942158508,0.04828227888121494,1497.0,18067.0,0.0014427959148016216,-0.00010487674016158501,0.0,39720.0,-8.010969460035098e-05,0.0,0
0.042601472272828164,0.04828227888121494,1498.0,18067.0,0.001428118766044724,-0.00010487674016159467,0.0,39720.0,-8.010969460035098e-05,0.0,0
0.0425869411641415,0.04828227888121494,1499.0,18067.0,0.0014135876573580478,-0.00010487674016158671,0.0,39720.0,-8.010969460035098e-05,0.0,0
0.04257255464240204,0.04828227888121494,1500.0,18067.0,0.0013992011356186082,-0.00010487674016161322,0.0,39720.0,-8.010969460035098e-05,0.0,0
0.0425583112689457,0.04828227888121494,1501.0,18067.0,0.0013849577621622463,-0.00010487674016158577,0.0,39720.0,-8.010969460035098e-05,0.0,0
0.0425442096194232,0.04828227888121494,1502.0,18067.0,0.0013708561126397538,-0.00010487674016159124,0.0,39720.0,-8.010969460035098e-05,0.0,0
0.042530248283657875,0.04828227888121494,1503.0,18067.0,0.0013568947768744196,-0.00010487674016158386,0.0,39720.0,-8.010969460035098e-05,0.0,0
0.04251642586550446,0.04828227888121494,1504.0,18067.0,0.0013430723587210328,-0.00010487674016161367,0.0,39720.0,-8.010969460035098e-05,0.0,0
0.04250274098270971,0.04828227888121494,1505.0,18067.0,0.0013293874759262572,-0.00010487674016159066,0.0,39720.0,-8.010969460035098e-05,0.0,0
0.042489192266773855,0.04828227888121494,1506.0,18067.0,0.0013158387599904182,-0.00010487674016159886,0.0,39720.0,-8.010969460035098e-05,0.0,0
0.042475778362814055,0.04828227888121494,1507.0,18067.0,0.001302424856030623,-0.00010487674016159848,0.0,39720.0,-8.010969460035098e-05,0.0,0
0.042462497929428765,0.04828227888121494,1508.0,18067.0,0.0012891444226453047,-0.0001048767401615689,0.0,39720.0,-8.010969460035098e-05,0.0,0
0.04244934963856351,0.04828227888121494,1509.0,18067.0,0.0012759961317800475,-0.00010487674016157641,0.0,39720.0,-8.010969460035098e-05,0.0,0
0.04243633217537826,0.04828227888121494,1510.0,18067.0,0.0012629786685948161,-0.00010487674016159769,0.0,39720.0,-8.010969460035098e-05,0.0,0
0.04242344423811588,0.04828227888121494,1511.0,18067.0,0.0012500907313324427,-0.00010487674016160841,0.0,39720.0,-8.010969460035098e-05,0.0,0
0.042410684537971914,0.04828227888121494,1512.0,18067.0,0.001237331031188459,-0.00010487674016157622,0.0,39720.0,-8.010969460035098e-05,0.0,0
0.04239805179896568,0.04828227888121494,1513.0,18067.0,0.0012246982921822198,-0.00010487674016158016,0.0,39720.0,-8.010969460035098e-05,0.0,0
0.04238554475781275,0.04828227888121494,1514.0,18067.0,0.0012121912510292994,-0.00010487674016159817,0.0,39720.0,-8.010969460035098e-05,0.0,0
0.042373162163798606,0.04828227888121494,1515.0,18067.0,0.0011998086570151486,-0.00010487674016158257,0.0,39720.0,-8.010969460035098e-05,0.0,0
0.042360902778653516,0.04828227888121494,1516.0,18067.0,0.001187549271870064,-0.00010487674016159029,0.0,39720.0,-8.010969460035098e-05,0.0,0
0.04234876537642875,0.04828227888121494,1517.0,18067.0,0.001175411869645301,-0.0001048767401615899,0.0,39720.0,-8.010969460035098e-05,0.0,0
0.042336748743373974,0.04828227888121494,1518.0,18067.0,0.0011633952365905271,-0.00010487674016159252,0.0,39720.0,-8.010969460035098e-05,0.0,0
0.04232485167781587,0.04828227888121494,1519.0,18067.0,0.0011514981710324236,-0.00010487674016159788,0.0,39720.0,-8.010969460035098e-05,0.0,0
0.04231307299003796,0.04828227888121494,1520.0,18067.0,0.0011397194832545225,-0.00010487674016160696,0.0,39720.0,-8.010969460035098e-05,0.0,0
0.04230141150216167,0.04828227888121494,1521.0,18067.0,0.001128057995378223,-0.00010487674016159643,0.0,39720.0,-8.010969460035098e-05,0.0,0
0.04228986604802847,0.04828227888121494,1522.0,18067.0,0.0011165125412450317,-0.00010487674016159912,0.0,39720.0,-8.010969460035098e-05,0.0,0
0.04227843547308335,0.04828227888121494,1523.0,18067.0,0.0011050819662999033,-0.00010487674016159144,0.0,39720.0,-8.010969460035098e-05,0.0,0
0.042267118634259276,0.04828227888121494,1524.0,18067.0,0.0010937651274758216,-0.00010487674016159246,0.0,39720.0,-8.010969460035098e-05,0.0,0
0.042255914399862926,0.04828227888121494,1525.0,18067.0,0.001082560893079474,-0.00010487674016158769,0.0,39720.0,-8.010969460035098e-05,0.0,0
0.04224482164946154,0.04828227888121494,1526.0,18067.0,0.0010714681426780828,-0.0001048767401615876,0.0,39720.0,-8.010969460035098e-05,0.0,0
0.042233839273770814,0.04828227888121494,1527.0,18067.0,0.0010604857669873674,-0.0001048767401616003,0.0,39720.0,-8.010969460035098e-05,0.0,0
0.04222296617454405,0.04828227888121494,1528.0,18067.0,0.0010496126677606002,-0.00010487674016159426,0.0,39720.0,-8.010969460035098e-05,0.0,0
0.04221220126446227,0.04828227888121494,1529.0,18067.0,0.0010388477576788006,-0.00010487674016156838,0.0,39720.0,-8.010969460035098e-05,0.0,0
0.04220154346702544,0.04828227888121494,1530.0,18067.0,0.0010281899602419921,-0.00010487674016159933,0.0,39720.0,-8.010969460035098e-05,0.0,0
0.042190991716445,0.04828227888121494,1531.0,18067.0,0.0010176382096615502,-0.00010487674016159403,0.0,39720.0,-8.010969460035098e-05,0.0,0
0.04218054495753707,0.04828227888121494,1532.0,18067.0,0.0010071914507536175,-0.00010487674016159178,0.0,39720.0,-8.010969460035098e-05,0.0,0
0.04217020214561705,0.04828227888121494,1533.0,18067.0,0.0009968486388336015,-0.00010487674016159117,0.0,39720.0,-8.010969460035098e-05,0.0,0
0.04215996224639514,0.04828227888121494,1534.0,18067.0,0.000986608739611688,-0.00010487674016159265,0.0,39720.0,-8.010969460035098e-05,0.0,0
0.042149824235872865,0.04828227888121494,1535.0,18067.0,0.0009764707290894299,-0.00010487674016160547,0.0,39720.0,-8.010969460035098e-05,0.0,0
0.04213978710024076,0.04828227888121494,1536.0,18067.0,0.0009664335934573171,-0.00010487674016159569,0.0,39720.0,-8.010969460035098e-05,0.0,0
0.042129849835776875,0.04828227888121494,1537.0,18067.0,0.0009564963289934272,-0.00010487674016159066,0.0,39720.0,-8.010969460035098e-05,0.0,0
0.04212001144874647,0.04828227888121494,1538.0,18067.0,0.0009466579419630325,-0.00010487674016160826,0.0,39720.0,-8.010969460035098e-05,0.0,0
0.042110270955302675,0.04828227888121494,1539.0,18067.0,0.0009369174485192273,-0.0001048767401615987,0.0,39720.0,-8.010969460035098e-05,0.0,0
0.042100627381388006,0.04828227888121494,1540.0,18067.0,0.0009272738746045557,-0.00010487674016158655,0.0,39720.0,-8.010969460035098e-05,0.0,0
0.04209107976263705,0.04828227888121494,1541.0,18067.0,0.0009177262558535841,-0.00010487674016158024,0.0,39720.0,-8.010969460035098e-05,0.0,0
0.042081627144279946,0.04828227888121494,1542.0,18067.0,0.0009082736374964882,-0.00010487674016158261,0.0,39720.0,-8.010969460035098e-05,0.0,0
0.042072268581047,0.04828227888121494,1543.0,18067.0,0.0008989150742635485,-0.00010487674016158909,0.0,39720.0,-8.010969460035098e-05,0.0,0
0.04206300313707409,0.04828227888121494,1544.0,18067.0,0.0008896496302906458,-0.00010487674016160054,0.0,39720.0,-8.010969460035098e-05,0.0,0
0.04205382988580911,0.04828227888121494,1545.0,18067.0,0.0008804763790256639,-0.00010487674016158964,0.0,39720.0,-8.010969460035098e-05,0.0,0
0.04204474790991927,0.04828227888121494,1546.0,18067.0,0.0008713944031358258,-0.00010487674016160191,0.0,39720.0,-8.010969460035098e-05,0.0,0
0.04203575630119943,0.04828227888121494,1547.0,18067.0,0.0008624027944159823,-0.00010487674016160062,0.0,39720.0,-8.010969460035098e-05,0.0,0
0.04202685416048121,0.04828227888121494,1548.0,18067.0,0.0008535006536977596,-0.00010487674016159491,0.0,39720.0,-8.010969460035098e-05,0.0,0
0.04201804059754312,0.04828227888121494,1549.0,18067.0,0.0008446870907596716,-0.00010487674016159517,0.0,39720.0,-8.010969460035098e-05,0.0,0
0.042009314731021534,0.04828227888121494,1550.0,18067.0,0.0008359612242380782,-0.00010487674016158623,0.0,39720.0,-8.010969460035098e-05,0.0,0
0.042000675688322504,0.04828227888121494,1551.0,18067.0,0.0008273221815390607,-0.00010487674016159577,0.0,39720.0,-8.010969460035098e-05,0.0,0
0.041992122605534594,0.04828227888121494,1552.0,18067.0,0.0008187690987511446,-0.00010487674016158564,0.0,39720.0,-8.010969460035098e-05,0.0,0
0.04198365462734236,0.04828227888121494,1553.0,18067.0,0.0008103011205589296,-0.00010487674016160776,0.0,39720.0,-8.010969460035098e-05,0.0,0
0.041975270906940976,0.04828227888121494,1554.0,18067.0,0.000801917400157528,-0.00010487674016159546,0.0,39720.0,-8.010969460035098e-05,0.0,0
0.04196697060595138,0.04828227888121494,1555.0,18067.0,0.000793617099167926,-0.00010487674016157847,0.0,39720.0,-8.010969460035098e-05,0.0,0
0.04195875289433656,0.04828227888121494,1556.0,18067.0,0.0007853993875531014,-0.0001048767401615853,0.0,39720.0,-8.010969460035098e-05,0.0,0
0.04195061695031849,0.04828227888121494,1557.0,18067.0,0.0007772634435350452,-0.00010487674016159818,0.0,39720.0,-8.010969460035098e-05,0.0,0
0.041942561960296026,0.04828227888121494,1558.0,18067.0,0.0007692084535125767,-0.00010487674016159022,0.0,39720.0,-8.010969460035098e-05,0.0,0
0.04193458711876344,0.04828227888121494,1559.0,18067.0,0.0007612336119799816,-0.00010487674016157976,0.0,39720.0,-8.010969460035098e-05,0.0,0
0.0419266916282299,0.04828227888121494,1560.0,18067.0,0.0007533381214464603,-0.00010487674016159985,0.0,39720.0,-8.010969460035098e-05,0.0,0
0.041918874699139824,0.04828227888121494,1561.0,18067.0,0.000745521192356374,-0.00010487674016158781,0.0,39720.0,-8.010969460035098e-05,0.0,0
0.041911135549793754,0.04828227888121494,1562.0,18067.0,0.0007377820430103099,-0.00010487674016159589,0.0,39720.0,-8.010969460035098e-05,0.0,0
0.04190347340627032,0.04828227888121494,1563.0,18067.0,0.0007301198994868772,-0.0001048767401616081,0.0,39720.0,-8.010969460035098e-05,0.0,0
0.041895887502348794,0.04828227888121494,1564.0,18067.0,0.0007225339955653421,-0.00010487674016158857,0.0,39720.0,-8.010969460035098e-05,0.0,0
0.04188837707943245,0.04828227888121494,1565.0,18067.0,0.000715023572648988,-0.00010487674016157273,0.0,39720.0,-8.010969460035098e-05,0.0,0
0.04188094138647271,0.04828227888121494,1566.0,18067.0,0.0007075878796892683,-0.00010487674016160112,0.0,39720.0,-8.010969460035098e-05,0.0,0
0.04187357967989413,0.04828227888121494,1567.0,18067.0,0.0007002261731106835,-0.00010487674016159487,0.0,39720.0,-8.010969460035098e-05,0.0,0
0.04186629122351989,0.04828227888121494,1568.0,18067.0,0.0006929377167364473,-0.00010487674016160185,0.0,39720.0,-8.010969460035098e-05,0.0,0
0.0418590752884983,0.04828227888121494,1569.0,18067.0,0.0006857217817148475,-0.00010487674016158907,0.0,39720.0,-8.010969460035098e-05,0.0,0
0.04185193115322981,0.04828227888121494,1570.0,18067.0,0.0006785776464463656,-0.0001048767401615889,0.0,39720.0,-8.010969460035098e-05,0.0,0
0.041844858103294975,0.04828227888121494,1571.0,18067.0,0.0006715045965115254,-0.0001048767401615937,0.0,39720.0,-8.010969460035098e-05,0.0,0
0.04183785543138288,0.04828227888121494,1572.0,18067.0,0.0006645019245994386,-0.00010487674016159834,0.0,39720.0,-8.010969460035098e-05,0.0,0
0.04183092243722052,0.04828227888121494,1573.0,18067.0,0.000657568930437076,-0.00010487674016159382,0.0,39720.0,-8.010969460035098e-05,0.0,0
0.0418240584275027,0.04828227888121494,1574.0,18067.0,0.0006507049207192425,-0.00010487674016158766,0.0,39720.0,-8.010969460035098e-05,0.0,0
0.0418172627158227,0.04828227888121494,1575.0,18067.0,0.0006439092090392533,-0.00010487674016158819,0.0,39720.0,-8.010969460035098e-05,0.0,0
0.041810534622603715,0.04828227888121494,1576.0,18067.0,0.0006371811158202674,-0.00010487674016158718,0.0,39720.0,-8.010969460035098e-05,0.0,0
0.04180387347503081,0.04828227888121494,1577.0,18067.0,0.0006305199682473644,-0.00010487674016159027,0.0,39720.0,-8.010969460035098e-05,0.0,0
0.04179727860698369,0.04828227888121494,1578.0,18067.0,0.0006239251002002333,-0.00010487674016158288,0.0,39720.0,-8.010969460035098e-05,0.0,0
0.04179074935897002,0.04828227888121494,1579.0,18067.0,0.0006173958521865743,-0.00010487674016158865,0.0,39720.0,-8.010969460035098e-05,0.0,0
0.04178428507805958,0.04828227888121494,1580.0,18067.0,0.000610931571276144,-0.00010487674016159982,0.0,39720.0,-8.010969460035098e-05,0.0,0
0.04177788511781891,0.04828227888121494,1581.0,18067.0,0.0006045316110354631,-0.00010487674016159268,0.0,39720.0,-8.010969460035098e-05,0.0,0
0.04177154883824662,0.04828227888121494,1582.0,18067.0,0.000598195331463175,-0.00010487674016159848,0.0,39720.0,-8.010969460035098e-05,0.0,0
0.041765275605709494,0.04828227888121494,1583.0,18067.0,0.0005919220989260437,-0.00010487674016159391,0.0,39720.0,-8.010969460035098e-05,0.0,0
0.04175906479287903,0.04828227888121494,1584.0,18067.0,0.0005857112860955882,-0.00010487674016159665,0.0,39720.0,-8.010969460035098e-05,0.0,0
0.0417529157786688,0.04828227888121494,1585.0,18067.0,0.000579562271885345,-0.00010487674016157931,0.0,39720.0,-8.010969460035098e-05,0.0,0
0.04174682794817223,0.04828227888121494,1586.0,18067.0,0.0005734744413887746,-0.0001048767401615849,0.0,39720.0,-8.010969460035098e-05,0.0,0
0.041740800692601214,0.04828227888121494,1587.0,18067.0,0.0005674471858177559,-0.00010487674016157907,0.0,39720.0,-8.010969460035098e-05,0.0,0
0.04173483340922513,0.04828227888121494,1588.0,18067.0,0.0005614799024417007,-0.00010487674016161309,0.0,39720.0,-8.010969460035098e-05,0.0,0
0.04172892550131076,0.04828227888121494,1589.0,18067.0,0.0005555719945273033,-0.00010487674016158243,0.0,39720.0,-8.010969460035098e-05,0.0,0
0.04172307637806231,0.04828227888121494,1590.0,18067.0,0.0005497228712788489,-0.00010487674016158156,0.0,39720.0,-8.010969460035098e-05,0.0,0
0.04171728545456259,0.04828227888121494,1591.0,18067.0,0.0005439319477791392,-0.00010487674016159631,0.0,39720.0,-8.010969460035098e-05,0.0,0
0.04171155215171445,0.04828227888121494,1592.0,18067.0,0.0005381986449309987,-0.00010487674016157999,0.0,39720.0,-8.010969460035098e-05,0.0,0
0.041705875896182805,0.04828227888121494,1593.0,18067.0,0.0005325223893993585,-0.00010487674016159424,0.0,39720.0,-8.010969460035098e-05,0.0,0
0.041700256120337405,0.04828227888121494,1594.0,18067.0,0.0005269026135539464,-0.00010487674016158522,0.0,39720.0,-8.010969460035098e-05,0.0,0
0.041694692262195944,0.04828227888121494,1595.0,18067.0,0.000521338755412485,-0.00010487674016157735,0.0,39720.0,-8.010969460035098e-05,0.0,0
0.04168918376536797,0.04828227888121494,1596.0,18067.0,0.000515830258584529,-0.00010487674016160932,0.0,39720.0,-8.010969460035098e-05,0.0,0
0.041683730078999254,0.04828227888121494,1597.0,18067.0,0.0005103765722158023,-0.00010487674016157953,0.0,39720.0,-8.010969460035098e-05,0.0,0
0.041678330657716575,0.04828227888121494,1598.0,18067.0,0.0005049771509331237,-0.0001048767401615852,0.0,39720.0,-8.010969460035098e-05,0.0,0
0.04167298496157332,0.04828227888121494,1599.0,18067.0,0.0004996314547898676,-0.00010487674016158517,0.0,39720.0,-8.010969460035098e-05,0.0,0
0.041667692455995414,0.04828227888121494,1600.0,18067.0,0.0004943389492119605,-0.00010487674016158501,0.0,39720.0,-8.010969460035098e-05,0.0,0
0.041662452611727886,0.04828227888121494,1601.0,18067.0,0.0004890991049444403,-0.0001048767401615945,0.0,39720.0,-8.010969460035098e-05,0.0,0
0.04165726490478195,0.04828227888121494,1602.0,18067.0,0.00048391139799851035,-0.00010487674016159624,0.0,39720.0,-8.010969460035098e-05,0.0,0
0.0416521288163826,0.04828227888121494,1603.0,18067.0,0.00047877530959915146,-0.00010487674016158838,0.0,39720.0,-8.010969460035098e-05,0.0,0
0.041647043832916696,0.04828227888121494,1604.0,18067.0,0.000473690326133244,-0.00010487674016158662,0.0,39720.0,-8.010969460035098e-05,0.0,0
0.04164200944588166,0.04828227888121494,1605.0,18067.0,0.00046865593909820415,-0.00010487674016158749,0.0,39720.0,-8.010969460035098e-05,0.0,0
0.04163702515183459,0.04828227888121494,1606.0,18067.0,0.000463671645051138,-0.00010487674016158888,0.0,39720.0,-8.010969460035098e-05,0.0,0
0.04163209045234194,0.04828227888121494,1607.0,18067.0,0.00045873694555848346,-0.00010487674016157743,0.0,39720.0,-8.010969460035098e-05,0.0,0
0.041627204853929636,0.04828227888121494,1608.0,18067.0,0.0004538513471461753,-0.00010487674016158068,0.0,39720.0,-8.010969460035098e-05,0.0,0
0.04162236786803376,0.04828227888121494,1609.0,18067.0,0.00044901436125030714,-0.00010487674016157894,0.0,39720.0,-8.010969460035098e-05,0.0,0
0.0416175790109517,0.04828227888121494,1610.0,18067.0,0.00044422550416825654,-0.0001048767401615887,0.0,39720.0,-8.010969460035098e-05,0.0,0
0.04161283780379377,0.04828227888121494,1611.0,18067.0,0.00043948429701031616,-0.000104876740161589,0.0,39720.0,-8.010969460035098e-05,0.0,0
0.041608143772435296,0.04828227888121494,1612.0,18067.0,0.00043479026565183257,-0.00010487674016157835,0.0,39720.0,-8.010969460035098e-05,0.0,0
0.041603496447469204,0.04828227888121494,1613.0,18067.0,0.0004301429406857529,-0.00010487674016158358,0.0,39720.0,-8.010969460035098e-05,0.0,0
0.04159889536415915,0.04828227888121494,1614.0,18067.0,0.00042554185737570807,-0.00010487674016159619,0.0,39720.0,-8.010969460035098e-05,0.0,0
0.04159434006239299,0.04828227888121494,1615.0,18067.0,0.0004209865556095304,-0.00010487674016157929,0.0,39720.0,-8.010969460035098e-05,0.0,0
0.0415898300866367,0.04828227888121494,1616.0,18067.0,0.0004164765798532518,-0.00010487674016159016,0.0,39720.0,-8.010969460035098e-05,0.0,0
0.041585364985888995,0.04828227888121494,1617.0,18067.0,0.00041201147910553074,-0.00010487674016158361,0.0,39720.0,-8.010969460035098e-05,0.0,0
0.04158094431363603,0.04828227888121494,1618.0,18067.0,0.0004075908068525788,-0.00010487674016159516,0.0,39720.0,-8.010969460035098e-05,0.0,0
0.04157656762780693,0.04828227888121494,1619.0,18067.0,0.00040321412102348354,-0.00010487674016159517,0.0,39720.0,-8.010969460035098e-05,0.0,0
0.04157223449072945,0.04828227888121494,1620.0,18067.0,0.00039888098394601695,-0.00010487674016160441,0.0,39720.0,-8.010969460035098e-05,0.0,0
0.0415679444690863,0.04828227888121494,1621.0,18067.0,0.00039459096230285324,-0.00010487674016159872,0.0,39720.0,-8.010969460035098e-05,0.0,0
0.04156369713387172,0.04828227888121494,1622.0,18067.0,0.0003903436270882655,-0.00010487674016157807,0.0,39720.0,-8.010969460035098e-05,0.0,0
0.04155949206034863,0.04828227888121494,1623.0,18067.0,0.0003861385535651851,-0.00010487674016159463,0.0,39720.0,-8.010969460035098e-05,0.0,0
0.0415553288280062,0.04828227888121494,1624.0,18067.0,0.0003819753212227532,-0.00010487674016158979,0.0,39720.0,-8.010969460035098e-05,0.0,0
0.04155120702051772,0.04828227888121494,1625.0,18067.0,0.0003778535137342688,-0.00010487674016159933,0.0,39720.0,-8.010969460035098e-05,0.0,0
0.041547126225699,0.04828227888121494,1626.0,18067.0,0.00037377271891555466,-0.00010487674016159378,0.0,39720.0,-8.010969460035098e-05,0.0,0
0.041543086035467164,0.04828227888121494,1627.0,18067.0,0.0003697325286837185,-0.00010487674016159781,0.0,39720.0,-8.010969460035098e-05,0.0,0
0.04153908604579982,0.04828227888121494,1628.0,18067.0,0.0003657325390163724,-0.00010487674016158997,0.0,39720.0,-8.010969460035098e-05,0.0,0
0.041535125856694666,0.04828227888121494,1629.0,18067.0,0.0003617723499112198,-0.0001048767401615952,0.0,39720.0,-8.010969460035098e-05,0.0,0
0.041531205072129505,0.04828227888121494,1630.0,18067.0,0.00035785156534604565,-0.00010487674016157595,0.0,39720.0,-8.010969460035098e-05,0.0,0
0.04152732330002259,0.04828227888121494,1631.0,18067.0,0.00035396979323913577,-0.00010487674016159205,0.0,39720.0,-8.010969460035098e-05,0.0,0
0.041523480152193475,0.04828227888121494,1632.0,18067.0,0.0003501266454100315,-0.00010487674016159226,0.0,39720.0,-8.010969460035098e-05,0.0,0
0.041519675244324206,0.04828227888121494,1633.0,18067.0,0.0003463217375407544,-0.00010487674016159357,0.0,39720.0,-8.010969460035098e-05,0.0,0
0.041515908195920784,0.04828227888121494,1634.0,18067.0,0.000342554689137345,-0.00010487674016160528,0.0,39720.0,-8.010969460035098e-05,0.0,0
0.04151217863027527,0.04828227888121494,1635.0,18067.0,0.00033882512349182756,-0.00010487674016158819,0.0,39720.0,-8.010969460035098e-05,0.0,0
0.04150848617442796,0.04828227888121494,1636.0,18067.0,0.0003351326676445214,-0.00010487674016159668,0.0,39720.0,-8.010969460035098e-05,0.0,0
0.041504830459130226,0.04828227888121494,1637.0,18067.0,0.00033147695234677277,-0.00010487674016159504,0.0,39720.0,-8.010969460035098e-05,0.0,0
0.041501211118807446,0.04828227888121494,1638.0,18067.0,0.00032785761202400556,-0.00010487674016159052,0.0,39720.0,-8.010969460035098e-05,0.0,0
0.041497627791522614,0.04828227888121494,1639.0,18067.0,0.00032427428473916036,-0.0001048767401615869,0.0,39720.0,-8.010969460035098e-05,0.0,0
0.041494080118939985,0.04828227888121494,1640.0,18067.0,0.0003207266121565394,-0.00010487674016159467,0.0,39720.0,-8.010969460035098e-05,0.0,0
0.04149056774628936,0.04828227888121494,1641.0,18067.0,0.0003172142395059139,-0.00010487674016159371,0.0,39720.0,-8.010969460035098e-05,0.0,0
0.04148709032233055,0.04828227888121494,1642.0,18067.0,0.0003137368155470947,-0.00010487674016158647,0.0,39720.0,-8.010969460035098e-05,0.0,0
0.041483647499318245,0.04828227888121494,1643.0,18067.0,0.00031029399253479644,-0.00010487674016159471,0.0,39720.0,-8.010969460035098e-05,0.0,0
0.04148023893296728,0.04828227888121494,1644.0,18067.0,0.000306885426183836,-0.00010487674016159741,0.0,39720.0,-8.010969460035098e-05,0.0,0
0.0414768642824182,0.04828227888121494,1645.0,18067.0,0.00030351077563474827,-0.00010487674016158425,0.0,39720.0,-8.010969460035098e-05,0.0,0
0.04147352321020311,0.04828227888121494,1646.0,18067.0,0.00030016970341966576,-0.00010487674016159265,0.0,39720.0,-8.010969460035098e-05,0.0,0
0.041470215382212024,0.04828227888121494,1647.0,18067.0,0.00029686187542857527,-0.00010487674016159189,0.0,39720.0,-8.010969460035098e-05,0.0,0
0.04146694046765938,0.04828227888121494,1648.0,18067.0,0.0002935869608759258,-0.00010487674016158368,0.0,39720.0,-8.010969460035098e-05,0.0,0
0.041463698139050986,0.04828227888121494,1649.0,18067.0,0.0002903446322675335,-0.00010487674016158415,0.0,39720.0,-8.010969460035098e-05,0.0,0
0.04146048807215128,0.04828227888121494,1650.0,18067.0,0.00028713456536783196,-0.00010487674016159224,0.0,39720.0,-8.010969460035098e-05,0.0,0
0.04145730994595091,0.04828227888121494,1651.0,18067.0,0.0002839564391674652,-0.00010487674016158979,0.0,39720.0,-8.010969460035098e-05,0.0,0
0.041454163442634605,0.04828227888121494,1652.0,18067.0,0.00028080993585114894,-0.00010487674016158487,0.0,39720.0,-8.010969460035098e-05,0.0,0
0.0414510482475494,0.04828227888121494,1653.0,18067.0,0.00027769474076594835,-0.00010487674016158723,0.0,39720.0,-8.010969460035098e-05,0.0,0
0.04144796404917319,0.04828227888121494,1654.0,18067.0,0.00027461054238974304,-0.00010487674016159392,0.0,39720.0,-8.010969460035098e-05,0.0,0
0.04144491053908358,0.04828227888121494,1655.0,18067.0,0.00027155703230013014,-0.00010487674016159578,0.0,39720.0,-8.010969460035098e-05,0.0,0
0.04144188741192702,0.04828227888121494,1656.0,18067.0,0.0002685339051435635,-0.00010487674016158209,0.0,39720.0,-8.010969460035098e-05,0.0,0
0.041438894365388244,0.04828227888121494,1657.0,18067.0,0.00026554085860480095,-0.00010487674016159658,0.0,39720.0,-8.010969460035098e-05,0.0,0
0.04143593110016013,0.04828227888121494,1658.0,18067.0,0.00026257759337669295,-0.0001048767401616039,0.0,39720.0,-8.010969460035098e-05,0.0,0
0.041432997319913685,0.04828227888121494,1659.0,18067.0,0.0002596438131302477,-0.00010487674016160421,0.0,39720.0,-8.010969460035098e-05,0.0,0
0.04143009273126845,0.04828227888121494,1660.0,18067.0,0.0002567392244849998,-0.0001048767401615927,0.0,39720.0,-8.010969460035098e-05,0.0,0
0.041427217043763113,0.04828227888121494,1661.0,18067.0,0.0002538635369796631,-0.00010487674016158934,0.0,39720.0,-8.010969460035098e-05,0.0,0
0.041424369969826534,0.04828227888121494,1662.0,18067.0,0.00025101646304309314,-0.00010487674016159968,0.0,39720.0,-8.010969460035098e-05,0.0,0
0.04142155122474897,0.04828227888121494,1663.0,18067.0,0.00024819771796551654,-0.00010487674016158875,0.0,39720.0,-8.010969460035098e-05,0.0,0
0.041418760526653525,0.04828227888121494,1664.0,18067.0,0.00024540701987008236,-0.00010487674016160051,0.0,39720.0,-8.010969460035098e-05,0.0,0
0.04141599759646809,0.04828227888121494,1665.0,18067.0,0.00024264408968465017,-0.00010487674016159378,0.0,39720.0,-8.010969460035098e-05,0.0,0
0.041413262157897354,0.04828227888121494,1666.0,18067.0,0.0002399086511139091,-0.00010487674016158957,0.0,39720.0,-8.010969460035098e-05,0.0,0
0.04141055393739514,0.04828227888121494,1667.0,18067.0,0.00023720043061171013,-0.00010487674016160245,0.0,39720.0,-8.010969460035098e-05,0.0,0
0.041407872664137195,0.04828227888121494,1668.0,18067.0,0.00023451915735375232,-0.00010487674016160071,0.0,39720.0,-8.010969460035098e-05,0.0,0
0.04140521806999392,0.04828227888121494,1669.0,18067.0,0.00023186456321047877,-0.00010487674016159161,0.0,39720.0,-8.010969460035098e-05,0.0,0
0.04140258988950369,0.04828227888121494,1670.0,18067.0,0.0002292363827202533,-0.00010487674016160482,0.0,39720.0,-8.010969460035098e-05,0.0,0
0.0413999878598463,0.04828227888121494,1671.0,18067.0,0.00022663435306284998,-0.00010487674016159386,0.0,39720.0,-8.010969460035098e-05,0.0,0
0.041397411720816575,0.04828227888121494,1672.0,18067.0,0.00022405821403312539,-0.00010487674016158796,0.0,39720.0,-8.010969460035098e-05,0.0,0
0.04139486121479848,0.04828227888121494,1673.0,18067.0,0.00022150770801502762,-0.00010487674016158844,0.0,39720.0,-8.010969460035098e-05,0.0,0
0.04139233608673929,0.04828227888121494,1674.0,18067.0,0.00021898257995583696,-0.00010487674016157707,0.0,39720.0,-8.010969460035098e-05,0.0,0
0.041389836084124096,0.04828227888121494,1675.0,18067.0,0.00021648257734063964,-0.00010487674016158287,0.0,39720.0,-8.010969460035098e-05,0.0,0
0.04138736095695054,0.04828227888121494,1676.0,18067.0,0.0002140074501670899,-0.00010487674016158898,0.0,39720.0,-8.010969460035098e-05,0.0,0
0.041384910457703865,0.04828227888121494,1677.0,18067.0,0.00021155695092041192,-0.00010487674016158446,0.0,39720.0,-8.010969460035098e-05,0.0,0
0.04138248434133208,0.04828227888121494,1678.0,18067.0,0.0002091308345486294,-0.00010487674016158998,0.0,39720.0,-8.010969460035098e-05,0.0,0
0.041380082365221546,0.04828227888121494,1679.0,18067.0,0.00020672885843809664,-0.00010487674016159101,0.0,39720.0,-8.010969460035098e-05,0.0,0
0.04137770428917265,0.04828227888121494,1680.0,18067.0,0.00020435078238919253,-0.00010487674016157936,0.0,39720.0,-8.010969460035098e-05,0.0,0
0.04137534987537579,0.04828227888121494,1681.0,18067.0,0.0002019963685923322,-0.00010487674016157751,0.0,39720.0,-8.010969460035098e-05,0.0,0
0.041373018888387625,0.04828227888121494,1682.0,18067.0,0.00019966538160417577,-0.00010487674016158758,0.0,39720.0,-8.010969460035098e-05,0.0,0
0.04137071109510752,0.04828227888121494,1683.0,18067.0,0.00019735758832407622,-0.00010487674016159482,0.0,39720.0,-8.010969460035098e-05,0.0,0
0.04136842626475422,0.04828227888121494,1684.0,18067.0,0.0001950727579707888,-0.00010487674016160864,0.0,39720.0,-8.010969460035098e-05,0.0,0
0.04136616416884283,0.04828227888121494,1685.0,18067.0,0.00019281066205936728,-0.00010487674016157533,0.0,39720.0,-8.010969460035098e-05,0.0,0
0.04136392458116179,0.04828227888121494,1686.0,18067.0,0.00019057107437834295,-0.00010487674016159634,0.0,39720.0,-8.010969460035098e-05,0.0,0
0.04136170727775053,0.04828227888121494,1687.0,18067.0,0.00018835377096707774,-0.0001048767401615927,0.0,39720.0,-8.010969460035098e-05,0.0,0
0.04135951203687683,0.04828227888121494,1688.0,18067.0,0.00018615853009338622,-0.00010487674016159632,0.0,39720.0,-8.010969460035098e-05,0.0,0
0.0413573386390148,0.04828227888121494,1689.0,18067.0,0.0001839851322313434,-0.00010487674016158388,0.0,39720.0,-8.010969460035098e-05,0.0,0
0.04135518686682281,0.04828227888121494,1690.0,18067.0,0.00018183336003935963,-0.00010487674016158037,0.0,39720.0,-8.010969460035098e-05,0.0,0
0.04135305650512188,0.04828227888121494,1691.0,18067.0,0.00017970299833841975,-0.00010487674016157819,0.0,39720.0,-8.010969460035098e-05,0.0,0
0.04135094734087403,0.04828227888121494,1692.0,18067.0,0.00017759383409057976,-0.00010487674016159172,0.0,39720.0,-8.010969460035098e-05,0.0,0
0.0413488591631611,0.04828227888121494,1693.0,18067.0,0.00017550565637765617,-0.00010487674016159196,0.0,39720.0,-8.010969460035098e-05,0.0,0
0.04134679176316359,0.04828227888121494,1694.0,18067.0,0.00017343825638013543,-0.00010487674016159233,0.0,39720.0,-8.010969460035098e-05,0.0,0
0.041344744934139754,0.04828227888121494,1695.0,18067.0,0.0001713914273562971,-0.0001048767401615847,0.0,39720.0,-8.010969460035098e-05,0.0,0
0.04134271847140498,0.04828227888121494,1696.0,18067.0,0.00016936496462153564,-0.00010487674016160183,0.0,39720.0,-8.010969460035098e-05,0.0,0
0.041340712172311334,0.04828227888121494,1697.0,18067.0,0.00016735866552788423,-0.00010487674016158888,0.0,39720.0,-8.010969460035098e-05,0.0,0
0.04133872583622721,0.04828227888121494,1698.0,18067.0,0.00016537232944376337,-0.00010487674016158662,0.0,39720.0,-8.010969460035098e-05,0.0,0
0.04133675926451735,0.04828227888121494,1699.0,18067.0,0.00016340575773390897,-0.00010487674016159543,0.0,39720.0,-8.010969460035098e-05,0.0,0
0.04133481226052296,0.04828227888121494,1700.0,18067.0,0.00016145875373950943,-0.00010487674016158194,0.0,39720.0,-8.010969460035098e-05,0.0,0
0.041332884629541995,0.04828227888121494,1701.0,18067.0,0.00015953112275855023,-0.0001048767401615918,0.0,39720.0,-8.010969460035098e-05,0.0,0
0.04133097617880977,0.04828227888121494,1702.0,18067.0,0.0001576226720263172,-0.00010487674016158574,0.0,39720.0,-8.010969460035098e-05,0.0,0
0.041329086717479604,0.04828227888121494,1703.0,18067.0,0.0001557332106961542,-0.00010487674016159378,0.0,39720.0,-8.010969460035098e-05,0.0,0
0.041327216056603805,0.04828227888121494,1704.0,18067.0,0.00015386254982035347,-0.00010487674016158348,0.0,39720.0,-8.010969460035098e-05,0.0,0
0.04132536400911471,0.04828227888121494,1705.0,18067.0,0.00015201050233126407,-0.0001048767401615883,0.0,39720.0,-8.010969460035098e-05,0.0,0
0.041323530389806046,0.04828227888121494,1706.0,18067.0,0.00015017688302259324,-0.00010487674016158975,0.0,39720.0,-8.010969460035098e-05,0.0,0
0.04132171501531434,0.04828227888121494,1707.0,18067.0,0.00014836150853088668,-0.00010487674016158101,0.0,39720.0,-8.010969460035098e-05,0.0,0
0.04131991770410063,0.04828227888121494,1708.0,18067.0,0.00014656419731717734,-0.00010487674016159089,0.0,39720.0,-8.010969460035098e-05,0.0,0
0.041318138276432305,0.04828227888121494,1709.0,18067.0,0.00014478476964885492,-0.00010487674016158567,0.0,39720.0,-8.010969460035098e-05,0.0,0
0.04131637655436511,0.04828227888121494,1710.0,18067.0,0.0001430230475816562,-0.00010487674016159341,0.0,39720.0,-8.010969460035098e-05,0.0,0
0.04131463236172538,0.04828227888121494,1711.0,18067.0,0.00014127885494191777,-0.00010487674016157773,0.0,39720.0,-8.010969460035098e-05,0.0,0
0.041312905524092364,0.04828227888121494,1712.0,18067.0,0.000139552017308918,-0.00010487674016159475,0.0,39720.0,-8.010969460035098e-05,0.0,0
0.0413111958687809,0.04828227888121494,1713.0,18067.0,0.00013784236199745426,-0.00010487674016159883,0.0,39720.0,-8.010969460035098e-05,0.0,0
0.04130950322482402,0.04828227888121494,1714.0,18067.0,0.0001361497180405712,-0.00010487674016158636,0.0,39720.0,-8.010969460035098e-05,0.0,0
0.04130782742295591,0.04828227888121494,1715.0,18067.0,0.00013447391617246206,-0.00010487674016159132,0.0,39720.0,-8.010969460035098e-05,0.0,0
0.041306168295595,0.04828227888121494,1716.0,18067.0,0.00013281478881154406,-0.00010487674016158742,0.0,39720.0,-8.010969460035098e-05,0.0,0
0.041304525676827145,0.04828227888121494,1717.0,18067.0,0.0001311721700436987,-0.00010487674016159331,0.0,39720.0,-8.010969460035098e-05,0.0,0
0.041302899402389126,0.04828227888121494,1718.0,18067.0,0.00012954589560568142,-0.00010487674016158867,0.0,39720.0,-8.010969460035098e-05,0.0,0
0.04130128930965214,0.04828227888121494,1719.0,18067.0,0.00012793580286868896,-0.00010487674016158198,0.0,39720.0,-8.010969460035098e-05,0.0,0
0.041299695237605565,0.04828227888121494,1720.0,18067.0,0.0001263417308221127,-0.00010487674016158453,0.0,39720.0,-8.010969460035098e-05,0.0,0
0.04129811702684086,0.04828227888121494,1721.0,18067.0,0.00012476352005741162,-0.00010487674016158979,0.0,39720.0,-8.010969460035098e-05,0.0,0
0.04129655451953565,0.04828227888121494,1722.0,18067.0,0.0001232010127522021,-0.00010487674016158713,0.0,39720.0,-8.010969460035098e-05,0.0,0
0.0412950075594379,0.04828227888121494,1723.0,18067.0,0.00012165405265444608,-0.00010487674016158205,0.0,39720.0,-8.010969460035098e-05,0.0,0
0.04129347599185029,0.04828227888121494,1724.0,18067.0,0.00012012248506684799,-0.00010487674016158562,0.0,39720.0,-8.010969460035098e-05,0.0,0
0.041291959663614826,0.04828227888121494,1725.0,18067.0,0.00011860615683136685,-0.00010487674016158196,0.0,39720.0,-8.010969460035098e-05,0.0,0
0.04129045842309738,0.04828227888121494,1726.0,18067.0,0.00011710491631392062,-0.00010487674016158368,0.0,39720.0,-8.010969460035098e-05,0.0,0
0.04128897212017266,0.04828227888121494,1727.0,18067.0,0.0001156186133892092,-0.00010487674016159055,0.0,39720.0,-8.010969460035098e-05,0.0,0
0.041287500606209136,0.04828227888121494,1728.0,18067.0,0.00011414709942569602,-0.00010487674016159817,0.0,39720.0,-8.010969460035098e-05,0.0,0
0.041286043734054215,0.04828227888121494,1729.0,18067.0,0.00011269022727075775,-0.00010487674016158461,0.0,39720.0,-8.010969460035098e-05,0.0,0
0.04128460135801942,0.04828227888121494,1730.0,18067.0,0.00011124785123596557,-0.00010487674016158972,0.0,39720.0,-8.010969460035098e-05,0.0,0
0.04128317333386597,0.04828227888121494,1731.0,18067.0,0.00010981982708251978,-0.00010487674016159276,0.0,39720.0,-8.010969460035098e-05,0.0,0
0.041281759518790255,0.04828227888121494,1732.0,18067.0,0.00010840601200680715,-0.00010487674016159428,0.0,39720.0,-8.010969460035098e-05,0.0,0
0.0412803597714096,0.04828227888121494,1733.0,18067.0,0.00010700626462615252,-0.00010487674016158986,0.0,39720.0,-8.010969460035098e-05,0.0,0
0.0412789739517481,0.04828227888121494,1734.0,18067.0,0.000105620444964641,-0.00010487674016158013,0.0,39720.0,-8.010969460035098e-05,0.0,0
0.04127760192122261,0.04828227888121494,1735.0,18067.0,0.0001042484144391543,-0.00010487674016159402,0.0,39720.0,-8.010969460035098e-05,0.0,0
0.041276243542628946,0.04828227888121494,1736.0,18067.0,0.00010289003584549947,-0.00010487674016159277,0.0,39720.0,-8.010969460035098e-05,0.0,0
0.041274898680128125,0.04828227888121494,1737.0,18067.0,0.0001015451733446799,-0.00010487674016160006,0.0,39720.0,-8.010969460035098e-05,0.0,0
0.041273567199232766,0.04828227888121494,1738.0,18067.0,0.00010021369244932924,-0.00010487674016159966,0.0,39720.0,-8.010969460035098e-05,0.0,0
0.041272248966793684,0.04828227888121494,1739.0,18067.0,9.889546001024765e-05,-0.00010487674016160427,0.0,39720.0,-8.010969460035098e-05,0.0,0
0.041270943850986536,0.04828227888121494,1740.0,18067.0,9.759034420309196e-05,-0.00010487674016159166,0.0,39720.0,-8.010969460035098e-05,0.0,0
0.041269651721298636,0.04828227888121494,1741.0,18067.0,9.62982145151945e-05,-0.00010487674016159485,0.0,39720.0,-8.010969460035098e-05,0.0,0
0.04126837244851596,0.04828227888121494,1742.0,18067.0,9.501894173250914e-05,-0.0001048767401615925,0.0,39720.0,-8.010969460035098e-05,0.0,0
0.04126710590471014,0.04828227888121494,1743.0,18067.0,9.37523979266923e-05,-0.00010487674016158816,0.0,39720.0,-8.010969460035098e-05,0.0,0
0.04126585196322576,0.04828227888121494,1744.0,18067.0,9.249845644230489e-05,-0.00010487674016158524,0.0,39720.0,-8.010969460035098e-05,0.0,0
0.04126461049866761,0.04828227888121494,1745.0,18067.0,9.125699188415929e-05,-0.00010487674016159685,0.0,39720.0,-8.010969460035098e-05,0.0,0
0.041263381386888204,0.04828227888121494,1746.0,18067.0,9.002788010476092e-05,-0.00010487674016159593,0.0,39720.0,-8.010969460035098e-05,0.0,0
0.04126216450497536,0.04828227888121494,1747.0,18067.0,8.881099819190326e-05,-0.0001048767401615881,0.0,39720.0,-8.010969460035098e-05,0.0,0
0.04126095973123984,0.04828227888121494,1748.0,18067.0,8.760622445639377e-05,-0.00010487674016159749,0.0,39720.0,-8.010969460035098e-05,0.0,0
0.04125976694520329,0.04828227888121494,1749.0,18067.0,8.641343841984463e-05,-0.0001048767401616003,0.0,39720.0,-8.010969460035098e-05,0.0,0
0.041258586027586114,0.04828227888121494,1750.0,18067.0,8.523252080265863e-05,-0.00010487674016158911,0.0,39720.0,-8.010969460035098e-05,0.0,0
0.04125741686029554,0.04828227888121494,1751.0,18067.0,8.406335351209439e-05,-0.00010487674016159651,0.0,39720.0,-8.010969460035098e-05,0.0,0
0.041256259326413906,0.04828227888121494,1752.0,18067.0,8.290581963044502e-05,-0.00010487674016157641,0.0,39720.0,-8.010969460035098e-05,0.0,0
0.04125511331018682,0.04828227888121494,1753.0,18067.0,8.175980340335983e-05,-0.00010487674016158334,0.0,39720.0,-8.010969460035098e-05,0.0,0
0.041253978697011716,0.04828227888121494,1754.0,18067.0,8.062519022826297e-05,-0.00010487674016158945,0.0,39720.0,-8.010969460035098e-05,0.0,0
0.04125285537342632,0.04828227888121494,1755.0,18067.0,7.950186664288466e-05,-0.00010487674016159772,0.0,39720.0,-8.010969460035098e-05,0.0,0
0.04125174322709738,0.04828227888121494,1756.0,18067.0,7.838972031393342e-05,-0.00010487674016158204,0.0,39720.0,-8.010969460035098e-05,0.0,0
0.0412506421468093,0.04828227888121494,1757.0,18067.0,7.728864002585337e-05,-0.00010487674016158907,0.0,39720.0,-8.010969460035098e-05,0.0,0
0.04124955202245315,0.04828227888121494,1758.0,18067.0,7.61985156696917e-05,-0.00010487674016157445,0.0,39720.0,-8.010969460035098e-05,0.0,0
0.04124847274501555,0.04828227888121494,1759.0,18067.0,7.511923823211483e-05,-0.00010487674016160363,0.0,39720.0,-8.010969460035098e-05,0.0,0
0.04124740420656792,0.04828227888121494,1760.0,18067.0,7.405069978446427e-05,-0.00010487674016159589,0.0,39720.0,-8.010969460035098e-05,0.0,0
0.041246346300255476,0.04828227888121494,1761.0,18067.0,7.299279347201943e-05,-0.00010487674016158022,0.0,39720.0,-8.010969460035098e-05,0.0,0
0.0412452989202867,0.04828227888121494,1762.0,18067.0,7.194541350326249e-05,-0.000104876740161595,0.0,39720.0,-8.010969460035098e-05,0.0,0
0.04124426196192277,0.04828227888121494,1763.0,18067.0,7.090845513931727e-05,-0.00010487674016158417,0.0,39720.0,-8.010969460035098e-05,0.0,0
0.04124323532146693,0.04828227888121494,1764.0,18067.0,6.988181468349106e-05,-0.00010487674016159231,0.0,39720.0,-8.010969460035098e-05,0.0,0
0.041242218896254325,0.04828227888121494,1765.0,18067.0,6.886538947087878e-05,-0.00010487674016159035,0.0,39720.0,-8.010969460035098e-05,0.0,0
0.04124121258464157,0.04828227888121494,1766.0,18067.0,6.785907785811464e-05,-0.00010487674016157442,0.0,39720.0,-8.010969460035098e-05,0.0,0
0.041240216285996646,0.04828227888121494,1767.0,18067.0,6.686277921319735e-05,-0.00010487674016158797,0.0,39720.0,-8.010969460035098e-05,0.0,0
0.04123922990068887,0.04828227888121494,1768.0,18067.0,6.58763939054319e-05,-0.00010487674016160132,0.0,39720.0,-8.010969460035098e-05,0.0,0
0.04123825333007891,0.04828227888121494,1769.0,18067.0,6.489982329546371e-05,-0.00010487674016159365,0.0,39720.0,-8.010969460035098e-05,0.0,0
0.041237286476508865,0.04828227888121494,1770.0,18067.0,6.393296972542357e-05,-0.00010487674016160267,0.0,39720.0,-8.010969460035098e-05,0.0,0
0.0412363292432926,0.04828227888121494,1771.0,18067.0,6.297573650914733e-05,-0.00010487674016158032,0.0,39720.0,-8.010969460035098e-05,0.0,0
0.04123538153470596,0.04828227888121494,1772.0,18067.0,6.20280279225094e-05,-0.00010487674016158246,0.0,39720.0,-8.010969460035098e-05,0.0,0
0.04123444325597732,0.04828227888121494,1773.0,18067.0,6.108974919387089e-05,-0.00010487674016158713,0.0,39720.0,-8.010969460035098e-05,0.0,0
0.04123351431327803,0.04828227888121494,1774.0,18067.0,6.016080649456869e-05,-0.00010487674016157923,0.0,39720.0,-8.010969460035098e-05,0.0,0
0.04123259461371301,0.04828227888121494,1775.0,18067.0,5.924110692956289e-05,-0.0001048767401615962,0.0,39720.0,-8.010969460035098e-05,0.0,0
0.04123168406531157,0.04828227888121494,1776.0,18067.0,5.833055852812876e-05,-0.00010487674016159509,0.0,39720.0,-8.010969460035098e-05,0.0,0
0.04123078257701811,0.04828227888121494,1777.0,18067.0,5.7429070234669265e-05,-0.00010487674016159708,0.0,39720.0,-8.010969460035098e-05,0.0,0
0.04122989005868305,0.04828227888121494,1778.0,18067.0,5.653655189960239e-05,-0.00010487674016159505,0.0,39720.0,-8.010969460035098e-05,0.0,0
0.0412290064210538,0.04828227888121494,1779.0,18067.0,5.565291427035293e-05,-0.00010487674016158738,0.0,39720.0,-8.010969460035098e-05,0.0,0
0.041228131575765874,0.04828227888121494,1780.0,18067.0,5.477806898241567e-05,-0.00010487674016158135,0.0,39720.0,-8.010969460035098e-05,0.0,0
0.04122726543533399,0.04828227888121494,1781.0,18067.0,5.391192855054059e-05,-0.00010487674016159102,0.0,39720.0,-8.010969460035098e-05,0.0,0
0.0412264079131434,0.04828227888121494,1782.0,18067.0,5.3054406359961865e-05,-0.00010487674016160231,0.0,39720.0,-8.010969460035098e-05,0.0,0
0.04122555892344121,0.04828227888121494,1783.0,18067.0,5.220541665773831e-05,-0.00010487674016156811,0.0,39720.0,-8.010969460035098e-05,0.0,0
0.04122471838132766,0.04828227888121494,1784.0,18067.0,5.136487454419998e-05,-0.0001048767401615889,0.0,39720.0,-8.010969460035098e-05,0.0,0
0.041223886202747875,0.04828227888121494,1785.0,18067.0,5.053269596442879e-05,-0.00010487674016159791,0.0,39720.0,-8.010969460035098e-05,0.0,0
0.04122306230448334,0.04828227888121494,1786.0,18067.0,4.9708797699880074e-05,-0.00010487674016158197,0.0,39720.0,-8.010969460035098e-05,0.0,0
0.04122224660414348,0.04828227888121494,1787.0,18067.0,4.8893097360037215e-05,-0.00010487674016159167,0.0,39720.0,-8.010969460035098e-05,0.0,0
0.04122143902015764,0.04828227888121494,1788.0,18067.0,4.808551337418189e-05,-0.00010487674016158871,0.0,39720.0,-8.010969460035098e-05,0.0,0
0.041220639471766705,0.04828227888121494,1789.0,18067.0,4.7285964983256597e-05,-0.0001048767401615957,0.0,39720.0,-8.010969460035098e-05,0.0,0
0.04121984787901518,0.04828227888121494,1790.0,18067.0,4.649437223173995e-05,-0.00010487674016159806,0.0,39720.0,-8.010969460035098e-05,0.0,0
0.04121906416274316,0.04828227888121494,1791.0,18067.0,4.571065595970312e-05,-0.00010487674016158048,0.0,39720.0,-8.010969460035098e-05,0.0,0
0.041218288244578315,0.04828227888121494,1792.0,18067.0,4.493473779486916e-05,-0.00010487674016159693,0.0,39720.0,-8.010969460035098e-05,0.0,0
0.04121752004692823,0.04828227888121494,1793.0,18067.0,4.4166540144768726e-05,-0.00010487674016157583,0.0,39720.0,-8.010969460035098e-05,0.0,0
0.04121675949297246,0.04828227888121494,1794.0,18067.0,4.3405986189005996e-05,-0.00010487674016159207,0.0,39720.0,-8.010969460035098e-05,0.0,0
0.041216006506655,0.04828227888121494,1795.0,18067.0,4.2652999871543096e-05,-0.0001048767401615774,0.0,39720.0,-8.010969460035098e-05,0.0,0
0.04121526101267657,0.04828227888121494,1796.0,18067.0,4.190750589312251e-05,-0.00010487674016158208,0.0,39720.0,-8.010969460035098e-05,0.0,0
0.04121452293648718,0.04828227888121494,1797.0,18067.0,4.116942970372922e-05,-0.00010487674016158083,0.0,39720.0,-8.010969460035098e-05,0.0,0
0.04121379220427858,0.04828227888121494,1798.0,18067.0,4.043869749512346e-05,-0.00010487674016158032,0.0,39720.0,-8.010969460035098e-05,0.0,0
0.04121306874297693,0.04828227888121494,1799.0,18067.0,3.971523619347786e-05,-0.00010487674016158484,0.0,39720.0,-8.010969460035098e-05,0.0,0
0.041212352480235505,0.04828227888121494,1800.0,18067.0,3.899897345206366e-05,-0.00010487674016159921,0.0,39720.0,-8.010969460035098e-05,0.0,0
0.04121164334442745,0.04828227888121494,1801.0,18067.0,3.828983764399845e-05,-0.00010487674016158995,0.0,39720.0,-8.010969460035098e-05,0.0,0
0.041210941264638576,0.04828227888121494,1802.0,18067.0,3.7587757855122175e-05,-0.00010487674016159098,0.0,39720.0,-8.010969460035098e-05,0.0,0
0.041210246170660304,0.04828227888121494,1803.0,18067.0,3.689266387686775e-05,-0.00010487674016159445,0.0,39720.0,-8.010969460035098e-05,0.0,0
0.041209557992982704,0.04828227888121494,1804.0,18067.0,3.620448619925618e-05,-0.0001048767401615902,0.0,39720.0,-8.010969460035098e-05,0.0,0
0.04120887666278739,0.04828227888121494,1805.0,18067.0,3.5523156003946705e-05,-0.00010487674016160299,0.0,39720.0,-8.010969460035098e-05,0.0,0
0.0412082021119408,0.04828227888121494,1806.0,18067.0,3.4848605157352115e-05,-0.00010487674016158474,0.0,39720.0,-8.010969460035098e-05,0.0,0
0.04120753427298727,0.04828227888121494,1807.0,18067.0,3.4180766203826055e-05,-0.00010487674016159384,0.0,39720.0,-8.010969460035098e-05,0.0,0
0.041206873079142364,0.04828227888121494,1808.0,18067.0,3.3519572358915466e-05,-0.0001048767401615843,0.0,39720.0,-8.010969460035098e-05,0.0,0
0.04120621846428614,0.04828227888121494,1809.0,18067.0,3.2864957502687485e-05,-0.00010487674016159116,0.0,39720.0,-8.010969460035098e-05,0.0,0
0.04120557036295655,0.04828227888121494,1810.0,18067.0,3.22168561731066e-05,-0.00010487674016159642,0.0,39720.0,-8.010969460035098e-05,0.0,0
0.04120492871034295,0.04828227888121494,1811.0,18067.0,3.157520355950517e-05,-0.00010487674016159058,0.0,39720.0,-8.010969460035098e-05,0.0,0
0.04120429344227953,0.04828227888121494,1812.0,18067.0,3.09399354960812e-05,-0.00010487674016159456,0.0,39720.0,-8.010969460035098e-05,0.0,0
0.041203664495238955,0.04828227888121494,1813.0,18067.0,3.0310988455507037e-05,-0.00010487674016160177,0.0,39720.0,-8.010969460035098e-05,0.0,0
0.04120304180632599,0.04828227888121494,1814.0,18067.0,2.968829954254589e-05,-0.0001048767401615982,0.0,39720.0,-8.010969460035098e-05,0.0,0
0.04120242531327123,0.04828227888121494,1815.0,18067.0,2.907180648779083e-05,-0.00010487674016160101,0.0,39720.0,-8.010969460035098e-05,0.0,0
0.041201814954424876,0.04828227888121494,1816.0,18067.0,2.8461447641421446e-05,-0.00010487674016158662,0.0,39720.0,-8.010969460035098e-05,0.0,0
0.0412012106687505,0.04828227888121494,1817.0,18067.0,2.7857161967052154e-05,-0.00010487674016159505,0.0,39720.0,-8.010969460035098e-05,0.0,0
0.04120061239581904,0.04828227888121494,1818.0,18067.0,2.7258889035605698e-05,-0.00010487674016160119,0.0,39720.0,-8.010969460035098e-05,0.0,0
0.041200020075802736,0.04828227888121494,1819.0,18067.0,2.666656901928431e-05,-0.00010487674016158639,0.0,39720.0,-8.010969460035098e-05,0.0,0
0.041199433649469056,0.04828227888121494,1820.0,18067.0,2.6080142685601643e-05,-0.00010487674016158949,0.0,39720.0,-8.010969460035098e-05,0.0,0
0.04119885305817489,0.04828227888121494,1821.0,18067.0,2.54995513914326e-05,-0.0001048767401615863,0.0,39720.0,-8.010969460035098e-05,0.0,0
0.04119827824386062,0.04828227888121494,1822.0,18067.0,2.492473707716694e-05,-0.00010487674016158982,0.0,39720.0,-8.010969460035098e-05,0.0,0
0.04119770914904433,0.04828227888121494,1823.0,18067.0,2.435564226088999e-05,-0.00010487674016159743,0.0,39720.0,-8.010969460035098e-05,0.0,0
0.04119714571681611,0.04828227888121494,1824.0,18067.0,2.3792210032647797e-05,-0.00010487674016156892,0.0,39720.0,-8.010969460035098e-05,0.0,0
0.04119658789083219,0.04828227888121494,1825.0,18067.0,2.3234384048747832e-05,-0.00010487674016160277,0.0,39720.0,-8.010969460035098e-05,0.0,0
0.04119603561530959,0.04828227888121494,1826.0,18067.0,2.2682108526124753e-05,-0.00010487674016157201,0.0,39720.0,-8.010969460035098e-05,0.0,0
0.04119548883502023,0.04828227888121494,1827.0,18067.0,2.2135328236772575e-05,-0.0001048767401615837,0.0,39720.0,-8.010969460035098e-05,0.0,0
0.04119494749528565,0.04828227888121494,1828.0,18067.0,2.1593988502196586e-05,-0.00010487674016158545,0.0,39720.0,-8.010969460035098e-05,0.0,0
0.04119441154197144,0.04828227888121494,1829.0,18067.0,2.1058035187981337e-05,-0.0001048767401615746,0.0,39720.0,-8.010969460035098e-05,0.0,0
0.041193880921481796,0.04828227888121494,1830.0,18067.0,2.0527414698343202e-05,-0.00010487674016158453,0.0,39720.0,-8.010969460035098e-05,0.0,0
0.04119335558075424,0.04828227888121494,1831.0,18067.0,2.0002073970794526e-05,-0.00010487674016159513,0.0,39720.0,-8.010969460035098e-05,0.0,0
0.04119283546725427,0.04828227888121494,1832.0,18067.0,1.9481960470824675e-05,-0.0001048767401615906,0.0,39720.0,-8.010969460035098e-05,0.0,0
0.04119232052897008,0.04828227888121494,1833.0,18067.0,1.8967022186644523e-05,-0.00010487674016160748,0.0,39720.0,-8.010969460035098e-05,0.0,0
0.041191810714407445,0.04828227888121494,1834.0,18067.0,1.845720762400323e-05,-0.00010487674016159201,0.0,39720.0,-8.010969460035098e-05,0.0,0
0.04119130597258447,0.04828227888121494,1835.0,18067.0,1.7952465801015615e-05,-0.00010487674016158799,0.0,39720.0,-8.010969460035098e-05,0.0,0
0.04119080625302653,0.04828227888121494,1836.0,18067.0,1.745274624308649e-05,-0.00010487674016159888,0.0,39720.0,-8.010969460035098e-05,0.0,0
0.041190311505761266,0.04828227888121494,1837.0,18067.0,1.6957998977829e-05,-0.00010487674016160508,0.0,39720.0,-8.010969460035098e-05,0.0,0
0.04118982168131356,0.04828227888121494,1838.0,18067.0,1.6468174530118214e-05,-0.00010487674016159082,0.0,39720.0,-8.010969460035098e-05,0.0,0
0.04118933673070054,0.04828227888121494,1839.0,18067.0,1.598322391709476e-05,-0.00010487674016159479,0.0,39720.0,-8.010969460035098e-05,0.0,0
0.041188856605426746,0.04828227888121494,1840.0,18067.0,1.5503098643294874e-05,-0.0001048767401615922,0.0,39720.0,-8.010969460035098e-05,0.0,0
0.04118838125747924,0.04828227888121494,1841.0,18067.0,1.5027750695791196e-05,-0.00010487674016158924,0.0,39720.0,-8.010969460035098e-05,0.0,0
0.041187910639322846,0.04828227888121494,1842.0,18067.0,1.4557132539389438e-05,-0.00010487674016158301,0.0,39720.0,-8.010969460035098e-05,0.0,0
0.04118744470389535,0.04828227888121494,1843.0,18067.0,1.4091197111888346e-05,-0.00010487674016157223,0.0,39720.0,-8.010969460035098e-05,0.0,0
0.04118698340460281,0.04828227888121494,1844.0,18067.0,1.3629897819349725e-05,-0.0001048767401615806,0.0,39720.0,-8.010969460035098e-05,0.0,0
0.04118652669531492,0.04828227888121494,1845.0,18067.0,1.3173188531465788e-05,-0.00010487674016158478,0.0,39720.0,-8.010969460035098e-05,0.0,0
0.04118607453036037,0.04828227888121494,1846.0,18067.0,1.2721023576923917e-05,-0.00010487674016159101,0.0,39720.0,-8.010969460035098e-05,0.0,0
0.04118562686452229,0.04828227888121494,1847.0,18067.0,1.2273357738850486e-05,-0.00010487674016160013,0.0,39720.0,-8.010969460035098e-05,0.0,0
0.041185183653033745,0.04828227888121494,1848.0,18067.0,1.1830146250290184e-05,-0.00010487674016158415,0.0,39720.0,-8.010969460035098e-05,0.0,0
0.041184744851573175,0.04828227888121494,1849.0,18067.0,1.1391344789728423e-05,-0.00010487674016158856,0.0,39720.0,-8.010969460035098e-05,0.0,0
0.04118431041626009,0.04828227888121494,1850.0,18067.0,1.0956909476647989e-05,-0.00010487674016159708,0.0,39720.0,-8.010969460035098e-05,0.0,0
0.0411838803036506,0.04828227888121494,1851.0,18067.0,1.0526796867158905e-05,-0.00010487674016160349,0.0,39720.0,-8.010969460035098e-05,0.0,0
0.04118345447073309,0.04828227888121494,1852.0,18067.0,1.0100963949640322e-05,-0.00010487674016159243,0.0,39720.0,-8.010969460035098e-05,0.0,0
0.0411830328749239,0.04828227888121494,1853.0,18067.0,9.679368140449115e-06,-0.00010487674016158484,0.0,39720.0,-8.010969460035098e-05,0.0,0
0.04118261547406309,0.04828227888121494,1854.0,18067.0,9.261967279647506e-06,-0.0001048767401615971,0.0,39720.0,-8.010969460035098e-05,0.0,0
0.04118220222641027,0.04828227888121494,1855.0,18067.0,8.848719626802164e-06,-0.00010487674016157833,0.0,39720.0,-8.010969460035098e-05,0.0,0
0.04118179309064026,0.04828227888121494,1856.0,18067.0,8.439583856809393e-06,-0.00010487674016159039,0.0,39720.0,-8.010969460035098e-05,0.0,0
0.041181388025839205,0.04828227888121494,1857.0,18067.0,8.034519055746782e-06,-0.00010487674016158123,0.0,39720.0,-8.010969460035098e-05,0.0,0
0.041180986991500246,0.04828227888121494,1858.0,18067.0,7.633484716794859e-06,-0.00010487674016159059,0.0,39720.0,-8.010969460035098e-05,0.0,0
0.04118058994751963,0.04828227888121494,1859.0,18067.0,7.236440736189208e-06,-0.00010487674016161034,0.0,39720.0,-8.010969460035098e-05,0.0,0
0.04118019685419265,0.04828227888121494,1860.0,18067.0,6.8433474091963885e-06,-0.00010487674016158857,0.0,39720.0,-8.010969460035098e-05,0.0,0
0.04117980767220962,0.04828227888121494,1861.0,18067.0,6.454165426163254e-06,-0.00010487674016158543,0.0,39720.0,-8.010969460035098e-05,0.0,0
0.041179422362652006,0.04828227888121494,1862.0,18067.0,6.068855868563331e-06,-0.00010487674016158797,0.0,39720.0,-8.010969460035098e-05,0.0,0
0.041179040886988566,0.04828227888121494,1863.0,18067.0,5.687380205115255e-06,-0.00010487674016158769,0.0,39720.0,-8.010969460035098e-05,0.0,0
0.041178663207071385,0.04828227888121494,1864.0,18067.0,5.309700287943186e-06,-0.00010487674016159893,0.0,39720.0,-8.010969460035098e-05,0.0,0
0.04117828928513218,0.04828227888121494,1865.0,18067.0,4.935778348734447e-06,-0.00010487674016158938,0.0,39720.0,-8.010969460035098e-05,0.0,0
0.04117791908377844,0.04828227888121494,1866.0,18067.0,4.56557699498784e-06,-0.00010487674016158357,0.0,39720.0,-8.010969460035098e-05,0.0,0
0.0411775525659897,0.04828227888121494,1867.0,18067.0,4.199059206255344e-06,-0.00010487674016159586,0.0,39720.0,-8.010969460035098e-05,0.0,0
0.04117718969511391,0.04828227888121494,1868.0,18067.0,3.836188330456317e-06,-0.00010487674016159235,0.0,39720.0,-8.010969460035098e-05,0.0,0
0.04117683043486366,0.04828227888121494,1869.0,18067.0,3.476928080195442e-06,-0.00010487674016158289,0.0,39720.0,-8.010969460035098e-05,0.0,0
0.041176474749312596,0.04828227888121494,1870.0,18067.0,3.1212425291533446e-06,-0.00010487674016159899,0.0,39720.0,-8.010969460035098e-05,0.0,0
0.041176122602891926,0.04828227888121494,1871.0,18067.0,2.7690961084780113e-06,-0.00010487674016160063,0.0,39720.0,-8.010969460035098e-05,0.0,0
0.041175773960386686,0.04828227888121494,1872.0,18067.0,2.420453603234167e-06,-0.00010487674016159047,0.0,39720.0,-8.010969460035098e-05,0.0,0
0.04117542878693232,0.04828227888121494,1873.0,18067.0,2.0752801488788033e-06,-0.00010487674016160138,0.0,39720.0,-8.010969460035098e-05,0.0,0
0.041175087048011226,0.04828227888121494,1874.0,18067.0,1.7335412277795606e-06,-0.00010487674016159894,0.0,39720.0,-8.010969460035098e-05,0.0,0
0.041174748709449205,0.04828227888121494,1875.0,18067.0,1.3952026657559234e-06,-0.00010487674016159528,0.0,39720.0,-8.010969460035098e-05,0.0,0
0.04117441373741212,0.04828227888121494,1876.0,18067.0,1.0602306286798703e-06,-0.00010487674016161031,0.0,39720.0,-8.010969460035098e-05,0.0,0
0.04117408209840251,0.04828227888121494,1877.0,18067.0,7.285916190579709e-07,-0.00010487674016158345,0.0,39720.0,-8.010969460035098e-05,0.0,0
0.04117375375925617,0.04828227888121494,1878.0,18067.0,4.002524727217441e-07,-0.00010487674016158674,0.0,39720.0,-8.010969460035098e-05,0.0,0
0.04117342868713891,0.04828227888121494,1879.0,18067.0,7.518035547417557e-08,-0.00010487674016159312,0.0,39720.0,-8.010969460035098e-05,0.0,0
0.041173106849543284,0.04828227888121494,1880.0,18067.0,-2.466572401671066e-07,-0.00010487674016158493,0.0,39720.0,-8.010969460035098e-05,0.0,0
0.04117278821428524,0.04828227888121494,1881.0,18067.0,-5.65292498218797e-07,-0.00010487674016158854,0.0,39720.0,-8.010969460035098e-05,0.0,0
0.04117247274950097,0.04828227888121494,1882.0,18067.0,-8.807572824798963e-07,-0.00010487674016158804,0.0,39720.0,-8.010969460035098e-05,0.0,0
0.041172160423643765,0.04828227888121494,1883.0,18067.0,-1.1930831396942866e-06,-0.00010487674016158105,0.0,39720.0,-8.010969460035098e-05,0.0,0
0.04117185120548075,0.04828227888121494,1884.0,18067.0,-1.5023013027069022e-06,-0.00010487674016158746,0.0,39720.0,-8.010969460035098e-05,0.0,0
0.04117154506408987,0.04828227888121494,1885.0,18067.0,-1.8084426935827484e-06,-0.00010487674016158289,0.0,39720.0,-8.010969460035098e-05,0.0,0
0.041171241968856714,0.04828227888121494,1886.0,18067.0,-2.111537926726599e-06,-0.00010487674016159337,0.0,39720.0,-8.010969460035098e-05,0.0,0
0.04117094188947154,0.04828227888121494,1887.0,18067.0,-2.411617311913319e-06,-0.00010487674016158014,0.0,39720.0,-8.010969460035098e-05,0.0,0
0.04117064479592611,0.04828227888121494,1888.0,18067.0,-2.708710857329112e-06,-0.00010487674016160272,0.0,39720.0,-8.010969460035098e-05,0.0,0
0.04117035065851089,0.04828227888121494,1889.0,18067.0,-3.002848272572547e-06,-0.00010487674016157175,0.0,39720.0,-8.010969460035098e-05,0.0,0
0.04117005944781182,0.04828227888121494,1890.0,18067.0,-3.2940589716355774e-06,-0.00010487674016158303,0.0,39720.0,-8.010969460035098e-05,0.0,0
0.04116977113470759,0.04828227888121494,1891.0,18067.0,-3.582372075829801e-06,-0.00010487674016160528,0.0,39720.0,-8.010969460035098e-05,0.0,0
0.04116948569036674,0.04828227888121494,1892.0,18067.0,-3.867816416705191e-06,-0.00010487674016159897,0.0,39720.0,-8.010969460035098e-05,0.0,0
0.04116920308624451,0.04828227888121494,1893.0,18067.0,-4.150420538931481e-06,-0.00010487674016159829,0.0,39720.0,-8.010969460035098e-05,0.0,0
0.0411689232940803,0.04828227888121494,1894.0,18067.0,-4.430212703156493e-06,-0.00010487674016158295,0.0,39720.0,-8.010969460035098e-05,0.0,0
0.04116864628589461,0.04828227888121494,1895.0,18067.0,-4.707220888835995e-06,-0.00010487674016158979,0.0,39720.0,-8.010969460035098e-05,0.0,0
0.04116837203398644,0.04828227888121494,1896.0,18067.0,-4.981472797012775e-06,-0.00010487674016158957,0.0,39720.0,-8.010969460035098e-05,0.0,0
0.04116810051093033,0.04828227888121494,1897.0,18067.0,-5.252995853109292e-06,-0.00010487674016160361,0.0,39720.0,-8.010969460035098e-05,0.0,0
0.0411678316895738,0.04828227888121494,1898.0,18067.0,-5.5218172096580636e-06,-0.00010487674016157925,0.0,39720.0,-8.010969460035098e-05,0.0,0
0.04116756554303443,0.04828227888121494,1899.0,18067.0,-5.787963749015556e-06,-0.00010487674016159365,0.0,39720.0,-8.010969460035098e-05,0.0,0
0.04116730204469738,0.04828227888121494,1900.0,18067.0,-6.051462086060796e-06,-0.00010487674016159357,0.0,39720.0,-8.010969460035098e-05,0.0,0
0.041167041168212605,0.04828227888121494,1901.0,18067.0,-6.3123385708448735e-06,-0.00010487674016159317,0.0,39720.0,-8.010969460035098e-05,0.0,0
0.04116678288749221,0.04828227888121494,1902.0,18067.0,-6.570619291233894e-06,-0.00010487674016159083,0.0,39720.0,-8.010969460035098e-05,0.0,0
0.041166527176707934,0.04828227888121494,1903.0,18067.0,-6.826330075519574e-06,-0.00010487674016159162,0.0,39720.0,-8.010969460035098e-05,0.0,0
0.04116627401028847,0.04828227888121494,1904.0,18067.0,-7.0794964949819246e-06,-0.00010487674016159001,0.0,39720.0,-8.010969460035098e-05,0.0,0
0.04116602336291697,0.04828227888121494,1905.0,18067.0,-7.330143866487341e-06,-0.00010487674016158392,0.0,39720.0,-8.010969460035098e-05,0.0,0
0.04116577520952848,0.04828227888121494,1906.0,18067.0,-7.578297254974234e-06,-0.00010487674016158754,0.0,39720.0,-8.010969460035098e-05,0.0,0
0.041165529525307464,0.04828227888121494,1907.0,18067.0,-7.823981475992165e-06,-0.0001048767401615925,0.0,39720.0,-8.010969460035098e-05,0.0,0
0.04116528628568529,0.04828227888121494,1908.0,18067.0,-8.067221098161976e-06,-0.00010487674016159208,0.0,39720.0,-8.010969460035098e-05,0.0,0
0.04116504546633779,0.04828227888121494,1909.0,18067.0,-8.308040445653168e-06,-0.00010487674016158834,0.0,39720.0,-8.010969460035098e-05,0.0,0
0.04116480704318286,0.04828227888121494,1910.0,18067.0,-8.546463600600177e-06,-0.00010487674016158357,0.0,39720.0,-8.010969460035098e-05,0.0,0
0.041164570992377934,0.04828227888121494,1911.0,18067.0,-8.782514405517441e-06,-0.00010487674016158333,0.0,39720.0,-8.010969460035098e-05,0.0,0
0.04116433729031777,0.04828227888121494,1912.0,18067.0,-9.016216465685047e-06,-0.00010487674016157842,0.0,39720.0,-8.010969460035098e-05,0.0,0
0.041164105913631954,0.04828227888121494,1913.0,18067.0,-9.247593151500921e-06,-0.00010487674016158726,0.0,39720.0,-8.010969460035098e-05,0.0,0
0.04116387683918262,0.04828227888121494,1914.0,18067.0,-9.47666760082187e-06,-0.00010487674016160336,0.0,39720.0,-8.010969460035098e-05,0.0,0
0.04116365004406215,0.04828227888121494,1915.0,18067.0,-9.70346272129065e-06,-0.00010487674016159837,0.0,39720.0,-8.010969460035098e-05,0.0,0
0.041163425505590844,0.04828227888121494,1916.0,18067.0,-9.928001192609595e-06,-0.00010487674016158934,0.0,39720.0,-8.010969460035098e-05,0.0,0
0.04116320320131465,0.04828227888121494,1917.0,18067.0,-1.0150305468802384e-05,-0.00010487674016158929,0.0,39720.0,-8.010969460035098e-05,0.0,0
0.04116298310900296,0.04828227888121494,1918.0,18067.0,-1.0370397780491204e-05,-0.00010487674016157931,0.0,39720.0,-8.010969460035098e-05,0.0,0
0.041162765206646364,0.04828227888121494,1919.0,18067.0,-1.058830013708738e-05,-0.00010487674016158593,0.0,39720.0,-8.010969460035098e-05,0.0,0
0.041162549472454436,0.04828227888121494,1920.0,18067.0,-1.0804034329012018e-05,-0.00010487674016159779,0.0,39720.0,-8.010969460035098e-05,0.0,0
0.04116233588485359,0.04828227888121494,1921.0,18067.0,-1.1017621929861812e-05,-0.00010487674016159237,0.0,39720.0,-8.010969460035098e-05,0.0,0
0.04116212442248488,0.04828227888121494,1922.0,18067.0,-1.1229084298572494e-05,-0.00010487674016159063,0.0,39720.0,-8.010969460035098e-05,0.0,0
0.04116191506420189,0.04828227888121494,1923.0,18067.0,-1.1438442581557533e-05,-0.00010487674016159418,0.0,39720.0,-8.010969460035098e-05,0.0,0
0.04116170778906863,0.04828227888121494,1924.0,18067.0,-1.1645717714819748e-05,-0.00010487674016158882,0.0,39720.0,-8.010969460035098e-05,0.0,0
0.0411615025763574,0.04828227888121494,1925.0,18067.0,-1.1850930426048247e-05,-0.00010487674016158807,0.0,39720.0,-8.010969460035098e-05,0.0,0
0.04116129940554677,0.04828227888121494,1926.0,18067.0,-1.205410123668716e-05,-0.00010487674016158528,0.0,39720.0,-8.010969460035098e-05,0.0,0
0.04116109825631948,0.04828227888121494,1927.0,18067.0,-1.2255250463976436e-05,-0.00010487674016158323,0.0,39720.0,-8.010969460035098e-05,0.0,0
0.04116089910856043,0.04828227888121494,1928.0,18067.0,-1.245439822301368e-05,-0.0001048767401615981,0.0,39720.0,-8.010969460035098e-05,0.0,0
0.04116070194235471,0.04828227888121494,1929.0,18067.0,-1.2651564428744555e-05,-0.00010487674016158617,0.0,39720.0,-8.010969460035098e-05,0.0,0
0.0411605067379855,0.04828227888121494,1930.0,18067.0,-1.2846768797943616e-05,-0.00010487674016159624,0.0,39720.0,-8.010969460035098e-05,0.0,0
0.04116031347593222,0.04828227888121494,1931.0,18067.0,-1.3040030851216784e-05,-0.00010487674016160231,0.0,39720.0,-8.010969460035098e-05,0.0,0
0.041160122136868524,0.04828227888121494,1932.0,18067.0,-1.3231369914936369e-05,-0.00010487674016158142,0.0,39720.0,-8.010969460035098e-05,0.0,0
0.04115993270166029,0.04828227888121494,1933.0,18067.0,-1.3420805123153113e-05,-0.0001048767401615963,0.0,39720.0,-8.010969460035098e-05,0.0,0
0.04115974515136389,0.04828227888121494,1934.0,18067.0,-1.3608355419560603e-05,-0.00010487674016158929,0.0,39720.0,-8.010969460035098e-05,0.0,0
0.04115955946722412,0.04828227888121494,1935.0,18067.0,-1.3794039559337533e-05,-0.00010487674016158819,0.0,39720.0,-8.010969460035098e-05,0.0,0
0.041159375630672394,0.04828227888121494,1936.0,18067.0,-1.3977876111050342e-05,-0.00010487674016159487,0.0,39720.0,-8.010969460035098e-05,0.0,0
0.04115919362332494,0.04828227888121494,1937.0,18067.0,-1.4159883458513825e-05,-0.00010487674016159262,0.0,39720.0,-8.010969460035098e-05,0.0,0
0.04115901342698083,0.04828227888121494,1938.0,18067.0,-1.434007980260953e-05,-0.00010487674016161004,0.0,39720.0,-8.010969460035098e-05,0.0,0
0.04115883502362032,0.04828227888121494,1939.0,18067.0,-1.451848316312591e-05,-0.00010487674016159363,0.0,39720.0,-8.010969460035098e-05,0.0,0
0.041158658395402906,0.04828227888121494,1940.0,18067.0,-1.4695111380543906e-05,-0.00010487674016159443,0.0,39720.0,-8.010969460035098e-05,0.0,0
0.041158483524665626,0.04828227888121494,1941.0,18067.0,-1.4869982117832999e-05,-0.00010487674016157723,0.0,39720.0,-8.010969460035098e-05,0.0,0
0.041158310393921246,0.04828227888121494,1942.0,18067.0,-1.504311286221357e-05,-0.00010487674016157532,0.0,39720.0,-8.010969460035098e-05,0.0,0
0.04115813898585655,0.04828227888121494,1943.0,18067.0,-1.5214520926904235e-05,-0.00010487674016158067,0.0,39720.0,-8.010969460035098e-05,0.0,0
0.0411579692833306,0.04828227888121494,1944.0,18067.0,-1.5384223452859193e-05,-0.00010487674016158319,0.0,39720.0,-8.010969460035098e-05,0.0,0
0.04115780126937299,0.04828227888121494,1945.0,18067.0,-1.5552237410463602e-05,-0.00010487674016158822,0.0,39720.0,-8.010969460035098e-05,0.0,0
0.0411576349271822,0.04828227888121494,1946.0,18067.0,-1.57185796012539e-05,-0.00010487674016158631,0.0,39720.0,-8.010969460035098e-05,0.0,0
0.041157470240123846,0.04828227888121494,1947.0,18067.0,-1.5883266659597412e-05,-0.00010487674016159371,0.0,39720.0,-8.010969460035098e-05,0.0,0
0.04115730719172913,0.04828227888121494,1948.0,18067.0,-1.60463150543289e-05,-0.0001048767401615825,0.0,39720.0,-8.010969460035098e-05,0.0,0
0.04115714576569303,0.04828227888121494,1949.0,18067.0,-1.620774109042432e-05,-0.00010487674016159119,0.0,39720.0,-8.010969460035098e-05,0.0,0
0.04115698594587282,0.04828227888121494,1950.0,18067.0,-1.636756091062733e-05,-0.00010487674016159989,0.0,39720.0,-8.010969460035098e-05,0.0,0
0.0411568277162864,0.04828227888121494,1951.0,18067.0,-1.6525790497047105e-05,-0.00010487674016159768,0.0,39720.0,-8.010969460035098e-05,0.0,0
0.04115667106111067,0.04828227888121494,1952.0,18067.0,-1.6682445672774026e-05,-0.00010487674016159342,0.0,39720.0,-8.010969460035098e-05,0.0,0
0.04115651596467998,0.04828227888121494,1953.0,18067.0,-1.683754210346489e-05,-0.00010487674016159257,0.0,39720.0,-8.010969460035098e-05,0.0,0
0.04115636241148457,0.04828227888121494,1954.0,18067.0,-1.6991095298880976e-05,-0.00010487674016159426,0.0,39720.0,-8.010969460035098e-05,0.0,0
0.04115621038616898,0.04828227888121494,1955.0,18067.0,-1.7143120614472e-05,-0.00010487674016159261,0.0,39720.0,-8.010969460035098e-05,0.0,0
0.04115605987353055,0.04828227888121494,1956.0,18067.0,-1.7293633252900186e-05,-0.00010487674016159121,0.0,39720.0,-8.010969460035098e-05,0.0,0
0.04115591085851789,0.04828227888121494,1957.0,18067.0,-1.744264826555556e-05,-0.00010487674016159106,0.0,39720.0,-8.010969460035098e-05,0.0,0
0.04115576332622939,0.04828227888121494,1958.0,18067.0,-1.7590180554060065e-05,-0.00010487674016159619,0.0,39720.0,-8.010969460035098e-05,0.0,0
0.041155617261911685,0.04828227888121494,1959.0,18067.0,-1.7736244871768005e-05,-0.00010487674016158964,0.0,39720.0,-8.010969460035098e-05,0.0,0
0.04115547265095822,0.04828227888121494,1960.0,18067.0,-1.7880855825226623e-05,-0.00010487674016158418,0.0,39720.0,-8.010969460035098e-05,0.0,0
0.041155329478907786,0.04828227888121494,1961.0,18067.0,-1.8024027875659736e-05,-0.00010487674016159955,0.0,39720.0,-8.010969460035098e-05,0.0,0
0.041155187731443055,0.04828227888121494,1962.0,18067.0,-1.816577534038803e-05,-0.00010487674016160197,0.0,39720.0,-8.010969460035098e-05,0.0,0
0.04115504739438917,0.04828227888121494,1963.0,18067.0,-1.8306112394277286e-05,-0.00010487674016158921,0.0,39720.0,-8.010969460035098e-05,0.0,0
0.0411549084537123,0.04828227888121494,1964.0,18067.0,-1.8445053071149794e-05,-0.00010487674016158055,0.0,39720.0,-8.010969460035098e-05,0.0,0
0.04115477089551826,0.04828227888121494,1965.0,18067.0,-1.858261126518286e-05,-0.00010487674016159178,0.0,39720.0,-8.010969460035098e-05,0.0,0
0.04115463470605113,0.04828227888121494,1966.0,18067.0,-1.8718800732325615e-05,-0.00010487674016158907,0.0,39720.0,-8.010969460035098e-05,0.0,0
0.04115449987169182,0.04828227888121494,1967.0,18067.0,-1.8853635091622274e-05,-0.00010487674016160112,0.0,39720.0,-8.010969460035098e-05,0.0,0
0.04115436637895682,0.04828227888121494,1968.0,18067.0,-1.8987127826628463e-05,-0.0001048767401615885,0.0,39720.0,-8.010969460035098e-05,0.0,0
0.041154234214496724,0.04828227888121494,1969.0,18067.0,-1.9119292286730004e-05,-0.00010487674016158625,0.0,39720.0,-8.010969460035098e-05,0.0,0
0.041154103365094966,0.04828227888121494,1970.0,18067.0,-1.9250141688478733e-05,-0.00010487674016159523,0.0,39720.0,-8.010969460035098e-05,0.0,0
0.04115397381766652,0.04828227888121494,1971.0,18067.0,-1.9379689116926315e-05,-0.00010487674016159211,0.0,39720.0,-8.010969460035098e-05,0.0,0
0.04115384555925653,0.04828227888121494,1972.0,18067.0,-1.9507947526923078e-05,-0.00010487674016158249,0.0,39720.0,-8.010969460035098e-05,0.0,0
0.04115371857703903,0.04828227888121494,1973.0,18067.0,-1.9634929744420442e-05,-0.00010487674016158537,0.0,39720.0,-8.010969460035098e-05,0.0,0
0.041153592858315706,0.04828227888121494,1974.0,18067.0,-1.976064846774107e-05,-0.00010487674016158811,0.0,39720.0,-8.010969460035098e-05,0.0,0
0.04115346839051457,0.04828227888121494,1975.0,18067.0,-1.9885116268863674e-05,-0.00010487674016161013,0.0,39720.0,-8.010969460035098e-05,0.0,0
0.04115334516118878,0.04828227888121494,1976.0,18067.0,-2.0008345594673663e-05,-0.0001048767401615865,0.0,39720.0,-8.010969460035098e-05,0.0,0
0.04115322315801525,0.04828227888121494,1977.0,18067.0,-2.0130348768204098e-05,-0.00010487674016158262,0.0,39720.0,-8.010969460035098e-05,0.0,0
0.04115310236879357,0.04828227888121494,1978.0,18067.0,-2.025113798987374e-05,-0.00010487674016159432,0.0,39720.0,-8.010969460035098e-05,0.0,0
0.04115298278144473,0.04828227888121494,1979.0,18067.0,-2.0370725338704975e-05,-0.0001048767401616015,0.0,39720.0,-8.010969460035098e-05,0.0,0
0.041152864384009905,0.04828227888121494,1980.0,18067.0,-2.0489122773538477e-05,-0.00010487674016159924,0.0,39720.0,-8.010969460035098e-05,0.0,0
0.041152747164649235,0.04828227888121494,1981.0,18067.0,-2.0606342134208103e-05,-0.00010487674016159941,0.0,39720.0,-8.010969460035098e-05,0.0,0
0.04115263111164069,0.04828227888121494,1982.0,18067.0,-2.0722395142754274e-05,-0.00010487674016159051,0.0,39720.0,-8.010969460035098e-05,0.0,0
0.04115251621337888,0.04828227888121494,1983.0,18067.0,-2.0837293404566146e-05,-0.00010487674016159809,0.0,39720.0,-8.010969460035098e-05,0.0,0
0.041152402458373864,0.04828227888121494,1984.0,18067.0,-2.095104840957351e-05,-0.00010487674016159485,0.0,39720.0,-8.010969460035098e-05,0.0,0
0.04115228983525008,0.04828227888121494,1985.0,18067.0,-2.1063671533373435e-05,-0.00010487674016159299,0.0,39720.0,-8.010969460035098e-05,0.0,0
0.041152178332745086,0.04828227888121494,1986.0,18067.0,-2.1175174038363134e-05,-0.00010487674016158743,0.0,39720.0,-8.010969460035098e-05,0.0,0
0.041152067939708555,0.04828227888121494,1987.0,18067.0,-2.1285567074893523e-05,-0.0001048767401615938,0.0,39720.0,-8.010969460035098e-05,0.0,0
0.041151958645101086,0.04828227888121494,1988.0,18067.0,-2.1394861682355215e-05,-0.00010487674016160119,0.0,39720.0,-8.010969460035098e-05,0.0,0
0.04115185043799314,0.04828227888121494,1989.0,18067.0,-2.1503068790301903e-05,-0.00010487674016159754,0.0,39720.0,-8.010969460035098e-05,0.0,0
0.04115174330756391,0.04828227888121494,1990.0,18067.0,-2.1610199219540128e-05,-0.00010487674016159249,0.0,39720.0,-8.010969460035098e-05,0.0,0
0.04115163724310026,0.04828227888121494,1991.0,18067.0,-2.1716263683191045e-05,-0.00010487674016159096,0.0,39720.0,-8.010969460035098e-05,0.0,0
0.04115153223399566,0.04828227888121494,1992.0,18067.0,-2.182127278779771e-05,-0.0001048767401615852,0.0,39720.0,-8.010969460035098e-05,0.0,0
0.04115142826974909,0.04828227888121494,1993.0,18067.0,-2.1925237034351647e-05,-0.00010487674016159479,0.0,39720.0,-8.010969460035098e-05,0.0,0
0.04115132533996407,0.04828227888121494,1994.0,18067.0,-2.2028166819373338e-05,-0.0001048767401615872,0.0,39720.0,-8.010969460035098e-05,0.0,0
0.04115122343434752,0.04828227888121494,1995.0,18067.0,-2.2130072435922206e-05,-0.00010487674016159531,0.0,39720.0,-8.010969460035098e-05,0.0,0
0.04115112254270882,0.04828227888121494,1996.0,18067.0,-2.223096407464294e-05,-0.00010487674016157182,0.0,39720.0,-8.010969460035098e-05,0.0,0
0.04115102265495867,0.04828227888121494,1997.0,18067.0,-2.2330851824784796e-05,-0.00010487674016157479,0.0,39720.0,-8.010969460035098e-05,0.0,0
0.041150923761108245,0.04828227888121494,1998.0,18067.0,-2.2429745675203586e-05,-0.00010487674016159166,0.0,39720.0,-8.010969460035098e-05,0.0,0
0.041150825851268065,0.04828227888121494,1999.0,18067.0,-2.2527655515372848e-05,-0.00010487674016159436,0.0,39720.0,-8.010969460035098e-05,0.0,0
0.041150728915647077,0.04828227888121494,2000.0,18067.0,-2.2624591136354756e-05,-0.0001048767401616042,0.0,39720.0,-8.010969460035098e-05,0.0,0
0.04115063294455166,0.04828227888121494,2001.0,18067.0,-2.2720562231793148e-05,-0.0001048767401615897,0.0,39720.0,-8.010969460035098e-05,0.0,0
0.04115053792838458,0.04828227888121494,2002.0,18067.0,-2.2815578398874275e-05,-0.00010487674016158627,0.0,39720.0,-8.010969460035098e-05,0.0,0
0.041150443857644145,0.04828227888121494,2003.0,18067.0,-2.290964913929555e-05,-0.00010487674016159711,0.0,39720.0,-8.010969460035098e-05,0.0,0
0.04115035072292324,0.04828227888121494,2004.0,18067.0,-2.3002783860215636e-05,-0.00010487674016159181,0.0,39720.0,-8.010969460035098e-05,0.0,0
0.04115025851490827,0.04828227888121494,2005.0,18067.0,-2.3094991875174e-05,-0.0001048767401615965,0.0,39720.0,-8.010969460035098e-05,0.0,0
0.04115025851490827,0.04828227888121494,2005.0,18067.0,-2.3094991875174e-05,-0.0001048767401615965,0.0,39720.0,-8.010969460035098e-05,0.0,0
